 0
 0
 1
 0
 0
 0
 0
 0
 0
 1
 0
 0
 0
 0
 1
 0
 1
 1
 0
 0
 0
 0
 0
 0
 0
 0
 0
 0
 0
 0
 0
 0
 0
 0
 0
 1
 0
 0
 0
 0
 0
 0
 0
 0
 0
 0
 0
 0
 0
 0
 0
 0
 0
 0
 0
 0
 0
 1
 0
 0
 0
 1
 0
 1
 0
 0
 1
 0
 0
 0
 0
 0
 0
 0
 0
 0
 0
 1
 1
 0
 0
 1
 0
 0
 0
 0
 0
 1
 0
 0
 0
 0
 0
 1
 0
 1
 0
 0
 0
 0
 0
 0
 1
 0
 0
 0
 0
 0
 0
 0
 1
 0
 1
 0
 0
 1
 0
 0
 0
 0
 0
 0
 0
 0
 0
 0
 0
 0
 0
 0
 0
 1
 0
 0
 0
 0
 0
 0
 1
 0
 1
 1
 1
 0
 0
 0
 0
 0
 0
 0
 0
 0
 1
 0
 0
 1
 0
 0
 0
 1
 0
 0
 0
 0
 0
 0
 0
 0
 1
 0
 1
 0
 0
 0
 0
 0
 0
 0
 0
 0
 0
 1
 0
 1
 0
 0
 0
 0
 0
 0
 0
 1
 0
 1
 0
 0
 0
 0
 0
 0
 0
 0
 0
 1
 0
 0
 0
 0
 1
 0
 0
 0
 0
 0
 0
 1
 0
 0
 0
 0
 0
 0
 0
 0
 0
 0
 0
 0
 0
 0
 0
 0
 0
 0
 0
 0
 0
 0
 0
 0
 0
 0
 0
 0
 0
 0
 1
 0
 0
 1
 1
 0
 0
 0
 1
 0
 0
 0
 0
 1
 0
 0
 0
 0
 0
 0
 0
 0
 0
 0
 0
 0
 0
 1
 0
 0
 0
 0
 0
 0
 0
 0
 0
 0
 0
 0
 0
 0
 0
 0
 0
 0
 0
 0
 0
 0
 0
 1
 0
 0
 0
 0
 0
 0
 0
 1
 0
 0
 0
 0
 0
 1
 0
 0
 0
 0
 0
 0
 0
 0
 0
 0
 0
 0
 0
 0
 0
 1
 0
 0
 0
 0
 0
 0
 0
 0
 0
 0
 1
 0
 1
 0
 0
 0
 0
 0
 0
 0
 0
 0
 0
 0
 0
 0
 1
 1
 0
 1
 0
 0
 0
 0
 0
 0
 1
 0
 0
 1
 0
 1
 0
 0
 0
 0
 0
 1
 1
 0
 0
 0
 0
 0
 0
 1
 0
 1
 0
 0
 0
 0
 0
 0
 0
 0
 1
 0
 0
 1
 1
 0
 0
45
63
35
64
79
123
15
68
76
107
72
98
125
99
36
81
47
97
93
50
79
107
47
75
79
78
59
44
117
62
110
111
19
96
 3
29
62
83
28
107
91
77
43
76
28
107
124
 4
31
116
44
126
62
45
126
 5
91
76
43
84
11
20
29
59
44
79
68
29
17
 0
68
64
13
61
80
110
80
84
109
13
30
95
52
20
114
94
113
76
 4
116
75
84
65
61
91
81
52
30
34
75
113
35
64
 4
31
 5
84
10
115
52
61
12
20
62
27
20
 5
61
16
43
101
111
79
42
127
109
75
125
97
43
32
82
34
96
108
20
76
61
113
11
114
108
78
92
44
96
80
110
81
124
117
44
11
78
76
110
116
27
44
109
45
111
82
16
61
11
124
44
 2
92
 4
47
125
52
113
93
66
 3
84
36
126
12
14
11
65
49
75
53
 1
125
98
79
29
31
49
 0
97
97
21
 4
61
46
17
19
83
43
42
123
123
19
109
29
125
82
35
20
 4
62
19
44
82
78
96
77
67
20
64
83
127
17
59
60
60
75
61
59
14
 2
82
20
30
59
120
76
127
60
69
94
13
126
44
 4
110
 2
14
103
127
89
79
97
83
93
123
126
125
60
43
15
