66
37
225
 7
65
244
20
12
129
67
249
143
110
53
57
153
136
120
218
136
162
83
22
52
60
175
22
242
94
171
191
46
106
189
 8
72
162
67
134
163
141
251
17
161
120
122
225
116
83
202
160
246
223
203
149
155
109
236
108
208
179
78
206
15
213
43
103
200
198
17
106
44
133
113
212
136
30
47
 4
51
54
249
27
145
117
56
236
31
118
121
251
26
128
137
227
247
86
15
70
232
122
232
16
202
44
19
211
56
222
234
63
152
142
75
 5
56
41
34
222
164
60
174
75
241
94
224
 9
11
29
220
56
10
153
100
57
119
60
105
162
39
154
58
203
170
188
73
160
95
78
166
173
119
30
141
138
97
162
157
76
115
164
185
152
243
95
144
184
102
25
210
52
43
138
71
220
92
81
106
 7
17
155
161
232
157
114
242
118
162
204
30
209
214
135
184
224
183
143
155
136
 6
34
31
29
176
150
239
196
77
133
168
219
89
49
12
225
64
46
80
111
81
111
161
37
57
 6
182
109
119
181
229
216
220
167
89
131
148
239
144
 9
52
67
90
72
107
74
131
42
213
239
227
183
154
117
36
62
169
172
245
30
214
49
65
76
19
185
152
247
144
128
220
194
176
38
169
205
94
146
176
253
13
38
63
215
83
89
94
133
228
127
145
 3
232
232
14
76
174
69
247
101
200
108
232
38
 2
254
206
67
 3
137
 2
222
166
214
78
31
178
211
10
76
66
23
127
104
223
116
70
23
129
248
144
25
 3
238
 7
248
151
13
38
42
57
178
180
103
134
125
205
194
136
27
140
177
113
108
70
239
99
223
169
33
79
 7
193
200
209
240
28
98
217
227
161
196
202
174
162
226
53
235
74
207
167
180
57
107
11
22
162
216
89
132
215
229
190
122
21
97
100
51
93
143
32
161
176
247
 6
17
78
246
195
194
70
207
58
158
152
 6
221
158
117
54
209
131
156
214
18
132
102
168
99
65
82
122
226
133
102
41
52
192
154
149
225
21
253
118
190
125
241
121
125
193
228
123
73
50
177
110
215
229
215
11
104
252
146
187
19
253
113
104
 1
180
76
252
91
20
32
53
37
44
252
145
28
134
157
151
152
153
117
127
224
147
64
169
45
 0
31
150
248
116
153
169
46
21
153
216
133
26
119
21
96
 6
160
83
121
166
197
157
227
230
220
17
48
194
190
72
78
78
172
106
61
149
10
61
238
228
234
183
97
48
139
215
184
 3
103
180
99
84
37
11
241
237
59
94
168
130
196
 0
23
38
148
150
105
34
166
61
197
67
25
 7
105
56
68
155
158
59
48
203
200
18
39
138
95
65
15
119
24
75
223
69
15
253
159
 8
52
92
235
128
71
65
165
21
68
76
73
16
255
119
116
37
152
219
231
59
90
87
191
38
45
127
224
213
95
61
107
173
250
36
249
31
193
40
66
219
33
150
120
74
234
 7
61
123
89
190
18
139
78
207
236
246
78
51
187
96
73
137
194
 4
245
143
224
144
175
96
95
138
27
18
 8
189
63
78
180
50
166
88
14
252
125
218
71
244
152
158
199
128
187
156
43
51
217
173
202
49
18
78
59
33
107
105
21
116
244
56
75
72
71
204
158
164
249
39
 0
139
121
225
93
88
120
189
31
153
225
198
157
143
15
240
199
81
212
143
85
114
172
73
138
53
101
178
155
57
128
16
186
215
38
40
33
154
242
68
184
26
162
240
142
207
37
34
129
195
37
116
158
141
218
245
122
52
251
213
253
29
189
72
20
31
70
74
68
115
155
140
181
217
205
11
54
75
155
205
240
23
122
101
27
63
177
115
10
239
14
77
16
143
68
172
54
139
223
37
81
184
95
125
19
37
206
243
94
172
200
26
181
138
107
65
214
180
 0
27
191
128
41
165
99
111
127
186
209
133
100
110
 4
55
220
99
57
16
37
90
204
209
122
237
82
168
150
87
107
182
196
165
65
251
159
19
176
167
108
135
242
 1
 3
97
228
231
248
75
10
41
214
88
129
140
55
222
 2
 3
226
171
11
54
241
119
 2
171
11
38
217
163
89
12
23
210
133
243
192
186
223
242
152
56
211
245
239
251
47
153
228
41
132
26
 1
167
76
10
249
153
50
161
17
173
75
134
251
204
167
17
164
186
67
88
217
166
67
151
 7
227
141
115
171
123
17
207
 5
186
83
17
243
157
216
152
116
22
28
20
235
10
 9
18
136
173
116
143
112
173
174
151
21
135
148
218
170
22
50
119
98
207
106
66
152
42
105
222
68
89
211
208
12
177
68
119
160
249
134
219
137
138
243
16
105
21
80
146
119
93
136
148
135
34
204
 1
117
22
132
 8
22
19
100
188
107
147
73
74
44
229
157
236
170
79
207
127
22
241
110
161
207
 8
230
36
230
247
65
61
222
71
21
146
43
69
92
165
230
154
198
20
177
86
52
204
11
234
14
148
238
120
243
184
140
187
211
131
99
72
 3
225
72
93
86
229
25
141
249
106
167
205
113
111
80
170
178
154
62
102
163
246
189
118
210
36
204
82
83
117
183
230
108
47
129
100
 4
58
144
199
177
93
243
205
77
160
123
207
 9
144
195
142
224
111
 0
122
145
82
136
209
78
20
32
81
100
13
208
141
226
115
215
32
194
182
100
97
10
215
245
239
145
213
248
126
