Reading: ./DATA/06032014_maxpower_268_0.csv
Reading: ./DATA/06032014_maxpower_268_1.csv
Combining arrays
 print(timetags) 1000 on edges
 print (channels)

[          0        5828        8666       13134       14921       16686
       20149       21150       22319       23674       25292       27266
       29456       32632       35717       36134       42429       45637
       47171       53103       54301       57254       66708       71707
       74672       77209       79888       80185       81645       83617
       85458       89244       92232       93783       96828       98609
      101015      101565      103414      105350      107511      109944
      111521      120193      120749      122863      123900      126530
      128222      128833      129645      130932      133051      133082
      135862      144080      145714      147868      149973      150249
      151310      151966      154232      155273      160411      161806
      162468      164845      168302      171060      171878      173449
      182050      183370      185883      186552      188836      192465
      193009      197234      200196      200287      204460      204477
      208720      210186      215079      215883      216978      218976
      224482      225752      227308      229670      231573      231766
      233271      234172      234352      234864      236816      238656
      239955      240757      245977      249298      252253      253577
      254556      256268      259451      262077      262249      262494
      264569      268550      270244      270613      271122      272318
      275421      276488      277069      280266      280630      281143
      282110      283827      285000      286591      289183      292123
      292339      293266      294803      295699      300658      301399
      304712      307273      308934      311602      311817      311898
      315926      315946      317002      321405      324706      327834
      328837      331121      332211      336045      338575      338775
      341876      342614      344189      344894      345526      346350
      347039      347256      349514      350720      352427      353481
      355730      360157      360179      362479      363680      366222
      368551      376901      377121      378391      385456      388409
      388835      390598      391408      396482      397116      397628
      400956      403737      407251      409130      409662      412083
      413432      413789      414845      415248      415467      416311
      417372      417590      422370      424750      425421      433280
      433437      434194      436851      437407      437917      450561
      450731      454569      459869      468978      470041      470577
      471408      474429      477146      478171      479201      479769
      484055      485789      489401      490028      490703      491467
      491974      494546      494872      495203      496298      499006
      500713      501995      502601      504896      504993      506132
      510481      510833      512466      512510      513119      520023
      521358      522528      522664      523916      525508      528034
      529485      530547      538407      539874      545958      548165
      549152      551174      552315      556853      561497      563433
      567005      568751      587585      587928      589207      589909
      592338      598042      598963      602970      604884      606431
      608354      608952      609738      610461      614172      614668
      615599      619696      622235      624126      624483      626048
      626553      627572      628047      628575      637301      638170
      638577      641765      641846      643780      644501      645274
      646101      646889      647311      650221      651375      652212
      653171      654837      656194      657349      658385      661022
      661707      663034      666042      670485      675216      678185
      678421      678537      682482      685669      687922      687930
      689209      690570      695100      699397      699937      700112
      703384      706344      708054      709635      713258      717560
      722205      728101      730434      732543      734010      738424
      747972      749660      750911      752417      754350      755024
      755920      756580      758422      759801      761018      763917
      764481      766521      767028      769565      769713      771358
      773566      775438      776647      779211      788183      789136
      789274      789478      790206      790537      796230      801311
      801718      804436      808130      809095      816739      820149
      821006      822361      827532      827929      828243      831526
      832563      840326      840503      848409      849317      851089
      852013      854493      867639      869874      870809      871721
      882034      885440      890887      891393      892108      895857
      899470      901537      902926      903929      904768      905727
      906678      907496      909554      913110      915674      917463
      926172      932992      934958      941378      945278      947236
      950339      951415      955159      955447      957767      958033
      964439      965903      967232      969340      971520      972635
      975185      980420      986426      986588      987367      989002
      994391      996183      998631     1005414     1007715     1008100
     1008893     1010287     1017665     1019572     1020609     1026456
     1027675     1029093     1034125     1040543     1040825     1044632
     1046750     1047739     1048175     1050952     1052913     1054288
     1060843     1060873     1062261     1063506     1063790     1068133
     1068573     1071865     1074770     1075281     1076029     1078166
     1079871     1080257     1081043     1081454     1082550     1086740
     1088653     1089073     1090180     1092527     1093181     1098340
     1098622     1100466     1101095     1103020     1103904     1105425
     1108086     1109448     1114130     1119935     1122889     1125331
     1128926     1130590     1134393     1138493     1141050     1141237
     1141899     1143097     1145379     1146860     1147826     1148395
     1149932     1151220     1154334     1155031     1156396     1156582
     1162819     1163692     1165969     1169540     1170222     1178594
     1181513     1182706     1185931     1189518     1190927     1193984
     1194825     1195803     1197875     1199748     1200967     1201212
     1202906     1207187     1208799     1210420     1210720     1213875
     1215726     1215862     1216354     1219619     1222189     1226451
     1228037     1228188     1229804     1230394     1230495     1232567
     1237693     1239552     1240070     1241126     1242085     1243893
     1249251     1255408     1258022     1259440     1261073     1265318
     1266256     1268983     1269921     1272867     1276157     1277050
     1278832     1279471     1279510     1280873     1281258     1283647
     1283994     1285259     1285758     1287444     1288511     1290512
     1291777     1294282     1294566     1295118     1297257     1298183
     1299024     1299872     1310194     1311109     1312846     1315127
     1318163     1319404     1321215     1321414     1322836     1323783
     1325167     1325449     1326595     1329085     1330921     1336274
     1336464     1338761     1345357     1347156     1347953     1350234
     1353170     1353250     1356733     1357000     1357952     1358983
     1359805     1360128     1360645     1360954     1363989     1364995
     1369866     1373356     1374150     1374683     1375312     1375564
     1383558     1384477     1390758     1391025     1393191     1393889
     1396356     1407632     1408733     1409079     1409896     1410932
     1413130     1415417     1415666     1419060     1420891     1425122
     1428638     1430242     1433909     1434467     1444184     1445029
     1445957     1446886     1454485     1469786     1469842     1470725
     1473074     1474167     1476343     1477604     1480512     1483362
     1483717     1484480     1484820     1485337     1487181     1489265
     1489722     1490237     1492401     1493525     1495671     1497177
     1500802     1503845     1505045     1509677     1512400     1514949
     1517219     1518092     1521018     1523038     1523343     1525291
     1528287     1531905     1536264     1536931     1542720     1542992
     1545089     1545926     1546481     1547123     1549141     1550228
     1550297     1550908     1553719     1554212     1555137     1558950
     1569167     1569701     1572085     1573219     1573607     1574262
     1576888     1578403     1580174     1585352     1585831     1586065
     1587315     1589300     1590836     1593075     1594501     1601673
     1602615     1603208     1604451     1609131     1610124     1611616
     1612286     1614826     1618216     1621907     1624165     1625135
     1630035     1632131     1639712     1643031     1644507     1647650
     1648456     1651373     1654955     1659013     1659144     1664394
     1665475     1666403     1669761     1670346     1685953     1691755
     1691759     1692264     1692342     1693994     1697470     1698153
     1699508     1701445     1702101     1702776     1702821     1705001
     1707574     1709862     1710139     1711746     1712573     1716726
     1717910     1721448     1725045     1725856     1727486     1728746
     1728889     1730903     1732562     1734176     1741264     1741807
     1743585     1743774     1747200     1748895     1749089     1749361
     1751904     1752257     1753080     1756359     1757439     1758866
     1760691     1761690     1762107     1762141     1764267     1765283
     1769356     1769923     1771357     1774180     1778141     1779661
     1783754     1787633     1788750     1803516     1805492     1808302
     1809679     1813206     1813907     1822361     1822681     1823841
     1829379     1831606     1832098     1832651     1833758     1836222
     1840702     1841403     1847041     1847885     1849755     1851137
     1852890     1853669     1854978     1856266     1856932     1858976
     1859521     1859574     1863581     1864564     1866412     1867176
     1867224     1871184     1871680     1872364     1881430     1884267
     1885144     1885848     1887304     1892261     1892633     1893742
     1897065     1899275     1905902     1906356     1909783     1910538
     1910554     1912219     1915914     1916721     1917407     1918034
     1920244     1920841     1921973     1923159     1929999     1930807
     1934414     1936558     1937734     1938548     1941797     1945680
     1946558     1947921     1951822     1953108     1954290     1954601
     1958466     1961624     1961629     1962411     1964196     1965889
     1967269     1967517     1968127     1970920     1972672     1973164
     1974477     1977112     1977169     1978412     1985431     1985569
     1990539     1990687     1991098     1993363     1996462     1997132
     1998382     2000934     2008663     2013486     2014146     2016730
     2023545     2027578     2028264     2030436     2031742     2033870
     2041111     2049835     2053070     2055015     2055455     2060775
     2062713     2062939     2064157     2069167     2070288     2070513
     2073783     2075127     2076239     2077738     2079403     2080659
     2081934     2083037     2083530     2085003     2085854     2087615
     2090554     2094569     2095647     2096246     2096338     2096977
     2096995     2099442     2105199     2106417     2108471     2109608
     2110876     2111367     2116404     2117044     2117726     2118565
     2122703     2125047     2125368     2126885     2128260     2128683
     2129319     2130190     2139366     2142142     2142862     2143284
     2145724     2145832     2147343     2148493     2148517     2148810
     2149757     2151827     2152191     2155434     2156894     2164221
     2166337     2169843     2172089     2176035     2177218     2178974
     2181094     2184598     2189365     2190051 ..., 39998199860
 39998203769 39998207842 39998209027 39998212760 39998213619 39998214929
 39998215524 39998216446 39998221161 39998222835 39998223690 39998224559
 39998225239 39998225763 39998226664 39998227221 39998227812 39998228465
 39998231114 39998234901 39998235880 39998243198 39998244803 39998245560
 39998246593 39998248145 39998249948 39998251255 39998256661 39998257742
 39998258589 39998262610 39998265727 39998266021 39998266641 39998267952
 39998267957 39998268705 39998269847 39998271397 39998273707 39998276762
 39998279209 39998279374 39998280709 39998283447 39998283937 39998287750
 39998288564 39998288957 39998290834 39998291604 39998293453 39998297338
 39998298586 39998298876 39998299244 39998299490 39998302427 39998303984
 39998304798 39998305745 39998306747 39998307260 39998307609 39998314636
 39998315151 39998315609 39998318146 39998322798 39998322812 39998323166
 39998324182 39998328370 39998331287 39998331591 39998331628 39998333343
 39998338811 39998338849 39998340239 39998343270 39998343458 39998345190
 39998347449 39998347629 39998350293 39998352557 39998353079 39998353249
 39998355657 39998355799 39998363012 39998367131 39998368060 39998368224
 39998369220 39998369223 39998375310 39998375750 39998375874 39998376970
 39998377850 39998379632 39998382073 39998384114 39998385930 39998386033
 39998387829 39998389418 39998391010 39998393528 39998396243 39998397469
 39998398889 39998399393 39998399810 39998403165 39998404020 39998414104
 39998415811 39998416945 39998419495 39998423323 39998424662 39998424755
 39998428385 39998429812 39998436179 39998437687 39998438656 39998444851
 39998446278 39998447830 39998448421 39998448790 39998449794 39998451126
 39998451650 39998454868 39998456809 39998457426 39998458832 39998459828
 39998462126 39998463080 39998463343 39998463828 39998466666 39998468315
 39998468705 39998470391 39998471098 39998476814 39998477765 39998480865
 39998481225 39998481335 39998484593 39998486957 39998488270 39998491369
 39998495573 39998496421 39998498623 39998499280 39998504222 39998504392
 39998505819 39998507178 39998508693 39998509564 39998510704 39998511099
 39998511310 39998511595 39998515754 39998516391 39998518140 39998518641
 39998518725 39998524551 39998526113 39998528008 39998533469 39998535797
 39998536885 39998537278 39998537547 39998539937 39998540524 39998541732
 39998542174 39998542688 39998542869 39998543524 39998543720 39998545530
 39998546894 39998547052 39998550133 39998550949 39998551786 39998553521
 39998555829 39998556279 39998557072 39998559667 39998561162 39998561288
 39998561971 39998562183 39998562589 39998564744 39998566037 39998571709
 39998573497 39998574840 39998575454 39998580890 39998583227 39998583702
 39998584442 39998586506 39998589836 39998590607 39998591574 39998594697
 39998594818 39998599377 39998600568 39998603133 39998606702 39998610941
 39998613881 39998616045 39998616859 39998617331 39998622169 39998627366
 39998627639 39998627919 39998630642 39998630772 39998631178 39998633761
 39998636569 39998639538 39998647238 39998651970 39998653896 39998654983
 39998655406 39998655753 39998657919 39998662283 39998664139 39998664632
 39998671106 39998671878 39998679239 39998681955 39998682231 39998682884
 39998683905 39998684700 39998686132 39998688755 39998688869 39998689502
 39998689841 39998690064 39998691852 39998693333 39998697563 39998703220
 39998703406 39998704512 39998705415 39998706385 39998706832 39998708591
 39998711019 39998711126 39998711962 39998713190 39998713982 39998715895
 39998716792 39998718917 39998720501 39998721406 39998723447 39998725650
 39998728192 39998728432 39998728690 39998732973 39998733196 39998733974
 39998739326 39998740629 39998742850 39998742933 39998744051 39998747120
 39998747121 39998747816 39998755091 39998761587 39998762351 39998768831
 39998769322 39998769509 39998780133 39998780133 39998788243 39998788783
 39998790988 39998791793 39998792413 39998793596 39998797450 39998797699
 39998800084 39998803662 39998805216 39998808760 39998810044 39998810791
 39998810953 39998816812 39998819072 39998819608 39998823323 39998825240
 39998829087 39998830211 39998832538 39998835923 39998836041 39998837654
 39998841767 39998843180 39998843967 39998844873 39998845078 39998845768
 39998846462 39998846998 39998852140 39998858950 39998859702 39998862230
 39998863210 39998863593 39998863617 39998866081 39998867214 39998869046
 39998871659 39998876151 39998877218 39998877402 39998877617 39998881141
 39998883401 39998885993 39998886730 39998888819 39998888994 39998890185
 39998891662 39998893702 39998895678 39998897157 39998897208 39998899732
 39998901029 39998901592 39998905055 39998909035 39998910287 39998910587
 39998913792 39998920672 39998922500 39998923769 39998925539 39998933038
 39998933626 39998933665 39998936710 39998936799 39998938705 39998939749
 39998943008 39998943130 39998944272 39998945180 39998946729 39998947614
 39998948114 39998955020 39998955350 39998958378 39998961373 39998962834
 39998965020 39998968169 39998969305 39998970388 39998976093 39998979510
 39998982135 39998982752 39998984606 39998985545 39998988018 39998989248
 39998990944 39998992749 39998992834 39998995712 39998996960 39999003325
 39999004869 39999004997 39999006428 39999008453 39999008926 39999009375
 39999011774 39999012283 39999013149 39999014473 39999016945 39999017556
 39999020801 39999021947 39999022475 39999025198 39999026729 39999027950
 39999028989 39999029582 39999031122 39999032691 39999034025 39999034837
 39999039868 39999040373 39999041962 39999044133 39999046557 39999047042
 39999047738 39999050055 39999055417 39999055566 39999060027 39999061046
 39999061370 39999062015 39999067451 39999067888 39999069466 39999069935
 39999070883 39999072387 39999074267 39999077119 39999078140 39999078912
 39999081344 39999082540 39999083060 39999086054 39999088828 39999088830
 39999091262 39999094695 39999099261 39999103913 39999104053 39999106409
 39999114940 39999115218 39999115947 39999117560 39999118021 39999119137
 39999124868 39999125688 39999126508 39999127431 39999129955 39999130493
 39999134826 39999143235 39999144767 39999146268 39999148309 39999152169
 39999154635 39999154951 39999157674 39999158039 39999159779 39999161331
 39999162131 39999162553 39999163438 39999170275 39999170459 39999174858
 39999175923 39999176433 39999176522 39999177461 39999178496 39999178584
 39999179364 39999180306 39999181638 39999182078 39999182230 39999185827
 39999187399 39999187982 39999188646 39999188982 39999189227 39999190104
 39999191092 39999196168 39999198211 39999198940 39999199028 39999201501
 39999203029 39999204720 39999207346 39999207941 39999208637 39999209172
 39999210193 39999213799 39999216836 39999218443 39999220908 39999224302
 39999224526 39999225326 39999225849 39999227870 39999229896 39999230313
 39999230547 39999231204 39999231950 39999232352 39999232515 39999232540
 39999234179 39999234547 39999236596 39999236679 39999243120 39999246619
 39999252550 39999255992 39999257523 39999257690 39999260347 39999261225
 39999263155 39999264075 39999264306 39999266916 39999267732 39999269266
 39999271001 39999271587 39999272128 39999273780 39999274886 39999275560
 39999276068 39999278061 39999280293 39999280804 39999280933 39999281481
 39999282375 39999287898 39999288922 39999289995 39999291021 39999294295
 39999297640 39999299575 39999302369 39999307932 39999311478 39999313179
 39999317496 39999322997 39999323088 39999324558 39999329269 39999330031
 39999330494 39999331060 39999334691 39999335514 39999338702 39999340138
 39999342840 39999343745 39999345718 39999346443 39999346987 39999350972
 39999352314 39999352904 39999357293 39999357588 39999359810 39999363542
 39999366309 39999367593 39999374290 39999375426 39999376331 39999378309
 39999378815 39999378961 39999379263 39999382969 39999383152 39999384249
 39999395334 39999409847 39999410943 39999411438 39999412614 39999412620
 39999413755 39999417479 39999419743 39999422560 39999429572 39999430853
 39999434254 39999435988 39999436216 39999437488 39999438823 39999441292
 39999441430 39999443563 39999444662 39999444968 39999448665 39999448764
 39999452873 39999452964 39999455152 39999455864 39999456093 39999456517
 39999458146 39999458513 39999460194 39999461027 39999464993 39999469493
 39999473747 39999475291 39999475396 39999477164 39999478166 39999484340
 39999484769 39999485255 39999486124 39999487461 39999487510 39999488697
 39999490034 39999490880 39999492267 39999492725 39999493410 39999494130
 39999495182 39999497800 39999497959 39999498492 39999500253 39999501393
 39999502384 39999502568 39999503426 39999503445 39999507542 39999508360
 39999511553 39999511657 39999512587 39999514566 39999517006 39999517129
 39999517712 39999520515 39999522004 39999523586 39999527245 39999527886
 39999528387 39999531064 39999532729 39999533987 39999535384 39999539234
 39999546063 39999549753 39999549987 39999554734 39999556109 39999560715
 39999562718 39999565158 39999565963 39999566040 39999566582 39999569310
 39999569939 39999571337 39999573826 39999574807 39999576260 39999577781
 39999580652 39999582626 39999584263 39999584936 39999586884 39999588152
 39999592038 39999593975 39999596010 39999596926 39999597694 39999597947
 39999598593 39999601163 39999601410 39999602142 39999604412 39999604536
 39999606038 39999609322 39999611788 39999614625 39999616082 39999618472
 39999620135 39999623145 39999623683 39999624525 39999625946 39999627082
 39999628772 39999629000 39999637311 39999638977 39999641489 39999642369
 39999649501 39999649828 39999650685 39999653287 39999658709 39999661147
 39999661864 39999665439 39999665972 39999666615 39999666877 39999667196
 39999667943 39999668959 39999671345 39999672381 39999672749 39999673629
 39999673761 39999674722 39999676952 39999677394 39999677641 39999682098
 39999682592 39999683171 39999687511 39999688195 39999691958 39999692130
 39999693947 39999695375 39999696896 39999700699 39999702324 39999704856
 39999705432 39999707060 39999710378 39999711472 39999713461 39999715641
 39999715872 39999716461 39999718641 39999719925 39999720446 39999720769
 39999722823 39999723846 39999725655 39999730087 39999733322 39999735796
 39999736356 39999738071 39999739811 39999742916 39999745160 39999748516
 39999751604 39999752847 39999753014 39999754437 39999756008 39999756586
 39999756717 39999757296 39999759128 39999761814 39999762761 39999765063
 39999765315 39999766206 39999766418 39999767502 39999769775 39999775624
 39999776206 39999777460 39999780667 39999782907 39999791187 39999792275
 39999794860 39999796392 39999799876 39999800207 39999801608 39999802135
 39999803342 39999803851 39999804772 39999805364 39999805920 39999808624
 39999810938 39999813636 39999814504 39999815358 39999815810 39999818352
 39999820556 39999820731 39999822886 39999825126 39999827933 39999828018
 39999829309 39999831894 39999832822 39999833845 39999834069 39999835819
 39999836024 39999836418 39999837425 39999838032 39999838218 39999845047
 39999846859 39999847073 39999847749 39999852679 39999853203 39999853392
 39999856072 39999856914 39999858634 39999859398 39999859511 39999859633
 39999860829 39999861319 39999861396 39999861852 39999862816 39999866143
 39999866322 39999866581 39999867126 39999868912 39999872548 39999872578
 39999873924 39999877050 39999878547 39999879106 39999879252 39999881642
 39999882506 39999883095 39999884270 39999884682 39999886102 39999888669
 39999889126 39999890798 39999891604 39999891769 39999893871 39999894529
 39999896876 39999900499 39999903234 39999906506 39999906511 39999908059
 39999909144 39999911483 39999913416 39999914527 39999915134 39999915311
 39999915497 39999916990 39999917769 39999921707 39999925174 39999926570
 39999929273 39999930232 39999930833 39999933687 39999937035 39999937346
 39999939214 39999939593 39999941936 39999945599 39999946557 39999946727
 39999949319 39999951496 39999954445 39999956950 39999960655 39999961022
 39999961519 39999964222 39999965404 39999966084 39999970774 39999971195
 39999974936 39999977610 39999978297 39999978946 39999984912 39999984944
 39999985076 39999987265 39999988065 39999989689 39999990464 39999991946
 39999993680 39999996495 39999996986]
[ 5  2  2  3  3  3  4  3  2  4  5  3  2  3  2  3  2  2  3  2  4  3  4  2  2
  2  2  3  3  5  2  5  5  3  5  2  2  4  4  2  5  2  4  3  3  3  4  2  5  3
  2  3  2  4  5  2  4  2  3  4  3  2  4  5  3  3  5  5  4  2  3  3  4  3  3
  3  2  2  2  3  3  2  3  2  5  2  3  3  4  3  2  2  3  5  5  2  3  3  2  3
  2  3  2  2  5  2  2  3  2  2  2  2  3  5  5  2  3  2  5  5  4  3  3  4  2
  4  3  3  2  2  2  2  3  4  2  2  4  2  5  5  4  3  2  5  4  3  3  2  5  2
  3  2  5  4  4  3  5  2  4  3  3  3  3  2  3  2  5  3  3  3  4  2  2  3  2
  3  2  5  3  2  4  2  2  5  2  4  2  2  3  2  3  5  2  3  3  5  3  3  4  2
  2  5  3  5  2  5  2  3  2  5  2  3  2  4  5  4  3  2  3  5  3  4  3  4  3
  2  3  5  3  2  3  2  2  5  5  2  3  3  2  3  3  2  5  3  3  3  2  4  5  3
  4  3  3  4  5  2  4  5  5  2  3  5  5  3  3  2  2  3  5  5  5  2  3  4  3
  4  4  2  2  4  3  3  2  2  3  5  3  3  3  2  5  5  2  4  3  2  4  2  3  2
  2  3  2  3  3  2  2  2  2  5  3  3  4  3  5  3  5  3  2  5  2  5  3  4  2
  5  3  4  2  4  3  2  3  2  2  3  3  3  3  3  2  3  2  2  5  2  3  2  4  3
  3  5  5  2  5  2  2  5  3  2  3  3  2  4  5  4  2  3  3  2  2  3  4  2  2
  5  5  2  2  2  2  3  5  2  2  2  4  2  3  2  2  3  3  2  2  4  5  2  2  3
  3  2  3  5  2  4  2  3  4  3  5  2  2  2  3  4  3  2  2  2  3  3  3  2  3
  2  2  2  3  3  3  3  3  2  2  3  3  2  2  5  4  2  5  3  5  4  2  4  2  3
  2  5  3  2  3  2  3  3  5  2  4  2  5  3  3  2  3  3  2  2  3  3  2  2  3
  2  4  2  4  3  2  4  3  4  3  2  3  2  3  2  5  2  2  3  3  5  5  5  3  2
  2  2  2  3  3  3  3  3  2  3  3  2  4  2  5  3  4  3  3  3  5  2  2  4  4
  3  4  5  2  3  4  3  2  4  3  5  2  3  2  4  3  2  3  2  4  2  2  3  4  2
  4  4  2  2  4  5  5  4  4  5  3  3  2  2  4  5  2  3  5  3  4  4  3  3  2
  5  2  3  5  3  4  3  3  5  2  2  2  3  5  3  3  4  5  3  3  5  2  5  5  4
  5  4  3  3  3  2  5  2  3  5  3  3  4  3  5  2  5  2  3  2  3  5  3  2  4
  5  3  3  3  2  3  3  5  4  3  5  3  2  3  4  5  2  2  2  5  3  4  2  2  2
  2  5  3  2  5  5  2  4  3  4  3  3  3  5  2  5  3  3  5  4  2  3  4  2  2
  4  3  3  3  4  2  5  4  4  3  3  4  2  3  2  2  2  2  2  5  2  5  5  3  2
  4  3  5  3  2  2  2  4  4  2  3  2  4  3  2  5  3  3  2  4  5  2  3  3  2
  2  4  5  2  2  3  3  3  4  3  3  2  2  5  3  3  3  2  2  5  2  4  3  4  2
  3  2  3  3  2  4  3  4  5  2  3  4  3  2  2  3  5  3  3  2  4  2  2  3  5
  2  2  3  3  4  2  2  4  5  4  2  5  3  4  4  3  5  3  2  3  3  3  4  3  5
  2  3  2  2  5  5  5  4  3  5  2  2  3  3  3  2  2  3  3  2  5  3  4  2  2
  2  3  3  2  2  3  3  3  3  3  5  5  4  5  5  3  5  3  5  3  4  2  3  3  3
  2  3  2  3  5  4  5  2  3  5  2  4  3  4  3  3  2  2  4  5  3  3  2  2  3
  2  2  2  2  3  3  2  3  3  3  3  4  5  3  3  4  2  2  3  4  2  5  5  5  5
  2  3  2  4  2  4  5  2  3  3  4  2  5  4  2  2  2  5  2  3  3  3  3  4  4
  2  3  5  4  5  5  2  3  2  5  3  2  3  4  2  2  2  5  2  2  5  2  3  2  4
  2  3  2  4  2  4  2  5  4  5  3  5  3  2  2  3  2  3  2  2  3  5  2  2  4
  4  4  3  3  2  5  2  5  3  2  2  3  3  5  3  3  4  3  2  3  4  3  3  2  2
 ...,  8 10 10 11  9  8  8 11 10  8  8  8 11 10  8 11 11  9  8 11  8 10  9
  9  8 11  8  8  9 10  8  9 10  8 10  8  9  8  9 10  8  8  8  9  8  8  8 11
 10  8 10  8 11  9  8  9  8  9  8 11  9 11 11  8 11  8  9  9 11  8  9  8 11
  9  8 10  9 11  8  8 10 10 10  9 11 11  8 11  9 11  8  8 11 11  9  8 11  8
  9 10 11  9  9  9  9  9  9  9 10 10 11  8  8  8  8  8  8  9  9  8 11  8 10
  9  8  8  9 10  9 10 10  9  8 11  9  8  9 11  8  9  8  9  9  8  8  9  8  9
  9 11  9 11  8  9  8 11 11  9  8 10 11 11  9  8  9  8 11  9  8  8 10  8  8
  8 11  8 11 11 11  8  8  9  8 11 11  9 10  9 11  8 11  9  9 11  8  9 11  9
  8  9  8 11 11 11 10 11  8  8  9 10  8  8 11  8 10 11  8  9  8  8 10  8  9
  8  8  8  8 11  9 11  8  9 11  9  8  9 10 10  8  8 10  9 10  9 11  9 11  8
  9 11 11 11  8  9 11 11  9  8  9  9 10  9 10  9  9  8  8  9  9  8 10 11  8
 10  9  8  9  8 11  8  8 11  8  9 11  9 10 11  8  8  9 11 10  9 11 11  8 11
 11 10 10  8 11  8 11  8 11  9  8  8  8  9 10 11  9  8 11 10 10 10  8 11  8
  9 11  8  9  8  8  9 11  8 11  9 10 11 11 10 11  8  8 11  8  8  9  8 10 11
  8  9  9  8  8 11 11 11  9 10  8 11 11 10  9 10  9  8  9  8  8  8  8 10  8
 11  8 10  9 11  9  8  8 10  9  9 11 11 11  8 11  8  9 11  8  8 10 10  8 11
  8  8  9 10  8  9 10  8  8 11  8 10  8  9 10  8  8 11  8  9 10 11  8  8  9
 11  9 11 10 10 11 11 11  8  9 11  8  8 11 10  8  8  9  9  8 10  8  8  8  8
 11  8 10  8  8  8 11  9  9  9 11 11  9  8  8 10 10 11  9 11  8 10  8  8  8
 10 11  9  8  8  8 10  8  8 10  9  8 10  8 11  8 11  8 11  9  8 11 11  9  9
  9 11  8 11  8  8  8 11  9 10  9  8  9 10  8  8  8 11  8 11  8 11 11 11 10
 11 11  9  8 11  8  8  8 10  8 10  8  9 10 11  9 10 11  9 11  8 11 11 10  8
  8  8  9 11 11  8  9  8 10 11  9 11  8  8  9  8 11  8  9  9  8  8 10  8 11
  9  8 11  8  9  9  8  8  9  8  8 11  8 11 11  8  8  8  8  9 10  8  9 10  8
  8 11 10  9  8 11 10 11 10 11  8  9 11 11 11 10 11 11  8  8 10 11  8 10  8
  8 11  8 11 10  9 10 11  9  9  9  8  8  8  9 11  8 10 11  8  8  9  8 10 11
 10  9  8  8  8  8  8 11 11  8 11 10  8 11  8 10  8 11  8  9  8 11 11 10 11
 11  8 10  8  9  9 11 10  9 11  8  8  9  8 10  9 11 10  9 11 10  8  8  9  8
  9 11  9  9  9 11  8  8  9  9  9 11  9  9  9  8 11  9  9  8 11 10  8  8 11
  8  8  8  8  8 10  8  8  8 11 11  8  8 11  8  9  9 10  8  9  8  8  8 11  8
  9 11  8  8  8  8  8  8  9  9  8 11  8  8  9 11  9  8 10 11 10 11  9 11 10
  9 10  8  9  8 10 11 11  8 11  8  9 11 11 10  8  9  8 10  8 11  8 11 11 10
  8 11  8  8  9  8  9  9  9 10  8  8 10 11  8  9  9  9  9 11  9 11 10  8 10
  8 10  8  9 11  8 10 11  9  9 10 11  9  9  9  8  8  9  8 11  8  9 11  8 11
 11 11 11  9  9 11  8  9  9 11  9 10 11  9 11 11 11 10  9  9  8  9 11  9  9
  9  9 11 10 10  8  8 10  8 11 11  9  9  8  8 10  9 10  8  8 11  9 11  8  8
  9  8  8 11  9 10 11 11  9 11 10  8 11 10  8  9  9 11  9  9  8  9 11  8  9
  9  8 10  9  8 11  9  8 11  8  8  9 11  8  9  8 11  9  8 11  8  9  8 10 11
  9  8  9 11 11  9  8 10  9  9  9  8  8  9  8  9  9  9  8 11  8 11  9  9 10
  8  9  8  9 11  8 11  8  8  8  9 11  9 10 11 11 11 10  8  9 11  8 11  8  9
 11 11]
Sorting
Opening Buffer 1
Setting Properties
->Resolution: 5e-11
->Channels: 12
Adding Data to Buffer
Buffer number:  2 is ready.
#correlations with time 1.9s and radius 1e-5
[[       4        0      124      133       65       85        0        0
       167      103       72      100]
 [       0        0        0        0        0        0        0        0
         0        0        0        0]
 [     124        0  5656900 11873801  8078143  9052668      124        0
  12901052 10878007  8973967 10378150]
 [     133        0 11873801  6216903  8638144  9612671      139        0
  13461056 11438010  9533970 10938153]
 [      65        0  8078143  8638144  2421252  5817014       56        0
   9665391  7642347  5738309  7142492]
 [      85        0  9052668  9612671  5817014  3395769       76        0
  10639922  8616876  6712836  8117019]
 [       0        0      124      139       56       76        4        0
       157      105       79      112]
 [       0        0        0        0        0        0        0        0
         0        0        0        0]
 [     167        0 12901052 13461056  9665391 10639922      157        0
   7244154 12465261 10561221 11965405]
 [     103        0 10878007 11438010  7642347  8616876      105        0
  12465261  5221108  8538175  9942359]
 [      72        0  8973967  9533970  5738309  6712836       79        0
  10561221  8538175  3317068  8038319]
 [     100        0 10378150 10938153  7142492  8117019      112        0
  11965405  9942359  8038319  4721252]]
  ///--------------------- time 2.0s and radius 1e-5
  212:tt_rawcoincidences:WARNING: Time for channel 0 goes beyond total data!
212:tt_rawcoincidences:WARNING: Time for channel 1 goes beyond total data!
212:tt_rawcoincidences:WARNING: Time for channel 2 goes beyond total data!
212:tt_rawcoincidences:WARNING: Time for channel 3 goes beyond total data!
212:tt_rawcoincidences:WARNING: Time for channel 4 goes beyond total data!
212:tt_rawcoincidences:WARNING: Time for channel 5 goes beyond total data!
212:tt_rawcoincidences:WARNING: Time for channel 6 goes beyond total data!
212:tt_rawcoincidences:WARNING: Time for channel 7 goes beyond total data!
212:tt_rawcoincidences:WARNING: Time for channel 8 goes beyond total data!
212:tt_rawcoincidences:WARNING: Time for channel 9 goes beyond total data!
212:tt_rawcoincidences:WARNING: Time for channel 10 goes beyond total data!
212:tt_rawcoincidences:WARNING: Time for channel 11 goes beyond total data!
[[       4        0      124      133       65       85        0        0
       167      103       72      100]
 [       0        0        0        0        0        0        0        0
         0        0        0        0]
 [     124        0  5955083 12500622  8505057  9529881      124        0
  13575812 11448233  9443441 10923137]
 [     133        0 12500622  6545541  9095512 10120339      139        0
  14166268 12038690 10033898 11513595]
 [      65        0  8505057  9095512  2549984  6124776       56        0
  10170696  8043123  6038331  7518027]
 [      85        0  9529881 10120339  6124776  3574799       76        0
  11195530  9067950  7063157  8542854]
 [       0        0      124      139       56       76        4        0
       157      105       79      112]
 [       0        0        0        0        0        0        0        0
         0        0        0        0]
 [     167        0 13575812 14166268 10170696 11195530      157        0
   7620732 13113878 11109088 12588786]
 [     103        0 11448233 12038690  8043123  9067950      105        0
  13113878  5493152  8981509 10461205]
 [      72        0  9443441 10033898  6038331  7063157       79        0
  11109088  8981509  3488359  8456413]
 [     100        0 10923137 11513595  7518027  8542854      112        0
  12588786 10461205  8456413  4968056]]
  //--------------------------------------------------- timer is set to 1.99999984 (93) no out of bounds same radius
  [[       4        0      124      133       65       85        0        0
       167      103       72      100]
 [       0        0        0        0        0        0        0        0
         0        0        0        0]
 [     124        0  5955083 12500622  8505057  9529878      124        0
  13575812 11448233  9443441 10923137]
 [     133        0 12500622  6545541  9095512 10120335      139        0
  14166268 12038690 10033898 11513595]
 [      65        0  8505057  9095512  2549984  6124774       56        0
  10170696  8043123  6038331  7518027]
 [      85        0  9529878 10120335  6124774  3574798       76        0
  11195524  9067948  7063155  8542849]
 [       0        0      124      139       56       76        4        0
       157      105       79      112]
 [       0        0        0        0        0        0        0        0
         0        0        0        0]
 [     167        0 13575812 14166268 10170696 11195524      157        0
   7620730 13113878 11109088 12588784]
 [     103        0 11448233 12038690  8043123  9067948      105        0
  13113878  5493152  8981509 10461205]
 [      72        0  9443441 10033898  6038331  7063155       79        0
  11109088  8981509  3488359  8456413]
 [     100        0 10923137 11513595  7518027  8542849      112        0
  12588784 10461205  8456413  4968055]]
 //-------------------------------------------same timer as before;  radius = 1e-7
 [[      4       0       2       1       1       1       0       0       1
        0       1       1]
 [      0       0       0       0       0       0       0       0       0
        0       0       0]
 [      2       0 5955083 3518656 1405422 1958197       1       0 4057728
  2962551 1912101 2696897]
 [      1       0 3518656 6545541 1537631 2140993       3       0 4440815
  3241610 2093452 2948983]
 [      1       0 1405422 1537631 2549984  856797       2       0 1777012
  1297239  837346 1181008]
 [      1       0 1958197 2140993  856797 3574798       2       0 2474485
  1805005 1164258 1644623]
 [      0       0       1       3       2       2       4       0       3
        1       1       1]
 [      0       0       0       0       0       0       0       0       0
        0       0       0]
 [      1       0 4057728 4440815 1777012 2474485       3       0 7620730
  3747860 2418183 3411325]
 [      0       0 2962551 3241610 1297239 1805005       1       0 3747860
  5493152 1767102 2487539]
 [      1       0 1912101 2093452  837346 1164258       1       0 2418183
  1767102 3488359 1605355]
 [      1       0 2696897 2948983 1181008 1644623       1       0 3411325
  2487539 1605355 4968055]]
  //------------------------------------------same time as before; radius 1e-10
  [[      4       0       0       0       0       0       0       0       0
        0       0       0]
 [      0       0       0       0       0       0       0       0       0
        0       0       0]
 [      0       0 5955083    4510    1854    2537       0       0    5584
     4057    2646    3668]
 [      0       0    4510 6545541    2256    2943       0       0    6304
     4565    2885    4179]
 [      0       0    1854    2256 2549984    1033       0       0    2495
     1796    1100    1634]
 [      0       0    2537    2943    1033 3574798       0       0    3420
     2411    1588    2300]
 [      0       0       0       0       0       0       4       0       0
        0       0       0]
 [      0       0       0       0       0       0       0       0       0
        0       0       0]
 [      0       0    5584    6304    2495    3420       0       0 7620730
     5145    3570    5087]
 [      0       0    4057    4565    1796    2411       0       0    5145
  5493152    2206    3329]
 [      0       0    2646    2885    1100    1588       0       0    3570
     2206 3488359    2384]
 [      0       0    3668    4179    1634    2300       0       0    5087
     3329    2384 4968055]]
    //------------------------------------------same time as before; radius 1e-11
  
 [[      4       0       0       0       0       0       0       0       0        0       0       0]
  [      0       0       0       0       0       0       0       0       0        0       0       0]
  [      0       0 5955083     886     364     548       0       0    1116      788     519     720]
  [      0       0     886 6545541     435     608       0       0    1285      878     547     792]
  [      0       0     364     435 2549984     210       0       0     504      354     249     325]
  [      0       0     548     608     210 3574798       0       0     699      481     315     472]
  [      0       0       0       0       0       0       4       0       0        0       0       0]
  [      0       0       0       0       0       0       0       0       0        0       0       0]
  [      0       0    1116    1285     504     699       0       0 7620730     1053     706    1011]
  [      0       0     788     878     354     481       0       0    1053  5493152     461     672]
  [      0       0     519     547     249     315       0       0     706      461 3488359     453]
  [      0       0     720     792     325     472       0       0    1011      672     453 4968055]]
 

Buffer 1 Ready.
