         168189
         290450
         417170
         467034
         470477
         790077
         809960
         847014
         999991
        1029379
        1041767
        1100826
        1203980
        1283963
        1851058
        1894548
        1903658
        1930346
        1963514
        2308906
        2321673
        2610141
        2632756
        2723469
        2910934
        2957255
        2957642
        3127172
        3141005
        3242906
        3303819
        3354052
        3438044
        3782099
        3807719
        4222634
        4229779
        4266442
        4447446
        4568925
        4667530
        4690722
        4847945
        4906617
        5459235
        5563074
        5650615
        5717115
        5806883
        5893257
        6117947
        6444211
        6627449
        6683244
        6683677
        6743300
        6874787
        6954439
        6954868
        7041399
        7229523
        7231442
        7310403
        7382668
        7571882
        7581837
        7592003
        7731845
        7890642
        7995417
        8169460
        8176522
        8255435
        8645260
        8688301
        8772643
        8861194
        8885341
        8906164
        8977146
        9018738
        9175716
        9299162
        9373524
        9392985
        9412055
        9757673
        9795386
        9796397
        9811378
        9915917
       10005763
       10020548
       10138907
       10202378
       10283180
       10640445
       10729194
       10841819
       10913228
       10924682
       11082249
       11134836
       11169573
       11220172
       11225737
       11232658
       11276135
       11370677
       11470582
       11517859
       11669943
       11789540
       12011037
       12037734
       12057403
       12080460
       12111338
       12214771
       12392189
       12545170
       12924021
       12951894
       13110521
       13151178
       13223114
       13283923
       13385129
       13404859
       13418098
       13520547
       13559107
       13660205
       13757866
       13873507
       14034235
       14366533
       14390316
       14405556
       14412947
       14585986
       14593863
       14683673
       14715498
       14724139
       14945003
       14967509
       14985683
       15063293
       15063627
       15120810
       15134290
       15178290
       15225674
       15245405
       15343495
       15345623
       15373133
       15488323
       15943703
       15992522
       16015635
       16043229
       16045596
       16175394
       16186733
       16278707
       16336091
       16543965
       16573011
       16865834
       17087179
       17100359
       17211874
       17247698
       17254171
       17379882
       17380423
       17528109
       17661154
       17763531
       17921258
       17965962
       18037037
       18289532
       18330086
       18526218
       18767607
       18768468
       18860508
       18914969
       18979027
       18981175
       19006695
       19170445
       19188029
       19282386
       19460483
       19564458
       19585219
       19678284
       19754491
       19782690
       19797607
       19848744
       19895237
       20123437
       20130803
       20223988
       20377613
       20432519
       20472090
       20530356
       20771750
       20851634
       20915370
       21049555
       21149686
       21161309
       21190850
       21215034
       21264923
       21291517
       21378378
       21757900
       21934229
       22055634
       22064410
       22124637
       22137866
       22399690
       22450924
       22484330
       22653578
       22781484
       22782285
       22782611
       22786346
       23023411
       23070519
       23216345
       23324071
       23462282
       23545484
       23854786
       23951031
       24046068
       24373879
       24438578
       24579894
       24648651
       24888774
       24905787
       25262097
       25436532
       25440610
       25616315
       25697591
       25777668
       25785287
       25829493
       25880613
       25913418
       26269800
       26280285
       26291638
       26309833
       26335517
       26350586
       26398758
       26463698
       26464599
       26501002
       26741955
       26751012
       26945892
       26985707
       27010756
       27025193
       27125252
       27398826
       27400349
       27424738
       27438791
       27552330
       27599253
       27604547
       27629063
       27656695
       27665670
       27747636
       27769638
       27846437
       28104540
       28128428
       28142922
       28164043
       28964140
       29052406
       29062226
       29063207
       29211241
       29454535
       29572010
       29713403
       29742980
       29845128
       29861517
       29905315
       30013266
       30034242
       30364618
       30388315
       30423948
       30501148
       30572933
       30585734
       30787316
       30919562
       31005418
       31059146
       31101162
       31139026
       31158899
       31331147
       31493485
       31577907
       31618692
       31660653
       31746179
       31854667
       31900982
       32002794
       32080022
       32143834
       32307549
       32460333
       32601203
       32607949
       32699095
       32843191
       33046455
       33319539
       33357492
       33447655
       33488823
       33497492
       33527863
       33547643
       33656790
       33794250
       33858861
       34003526
       34093003
       34150116
       34360234
       34395933
       34463469
       34512281
       34606909
       34742157
       34897319
       35077546
       35081661
       35095523
       35173300
       35174619
       35316771
       35317883
       35330882
       35362986
       35420835
       35444506
       35485866
       35502516
       35716694
       35729716
       36032074
       36163715
       36306954
       36453181
       36538890
       36644202
       36704183
       36770218
       36892483
       36916675
       37207266
       37212205
       37228394
       37305164
       37505043
       37520403
       37537382
       37554131
       37617733
       37811722
       37818027
       37877081
       37926835
       38003205
       38033725
       38089653
       38122503
       38238570
       38308530
       38640998
       38647418
       38677111
       38683236
       38726573
       38767259
       39220211
       39261558
       39321261
       39660234
       39835127
       39885596
       39950820
       39970871
       39994898
       40052039
       40127882
       40130580
       40158716
       40334651
       40385287
       40417540
       40482056
       40483801
       40495131
       40526122
       40540349
       40549258
       40551002
       40612086
       40693286
       40776796
       40840226
       40918068
       41002323
       41058664
       41308683
       41406809
       41530009
       41592684
       41799849
       42194722
       42305517
       42394758
       42398247
       42420242
       42420699
       42536357
       42537255
       42567698
       42649298
       42711594
       42762937
       42798646
       43071973
       43125708
       43193923
       43216994
       43468793
       43657642
       43799958
       43806548
       44075012
       44076610
       44112557
       44113270
       44278716
       44303843
       44552330
       44662713
       44676499
       44694788
       44723449
       44750377
       44768074
       44768443
       44768859
       44812338
       44830787
       44833509
       44904281
       44994769
       45002969
       45246632
       45277642
       45315286
       45375700
       45418507
       45451545
       45463451
       45547030
       45791901
       45813367
       45957229
       45957554
       46057204
       46375722
       46706058
       46760107
       46828493
       46855977
       46900262
       46901479
       46904924
       46977138
       47054762
       47302083
       47310322
       47310811
       47360812
       47514338
       47521621
       47531109
       47671796
       47698419
       47698821
       47700515
       47856471
       47858196
       47877540
       47900966
       48079890
       48134746
       48135282
       48208339
       48232970
       48340393
       48365253
       48406426
       48613189
       48614780
       48654141
       48927898
       48952039
       49000338
       49000681
       49001613
       49013258
       49017323
       49050026
       49069098
       49075978
       49110435
       49296646
       49307508
       49308106
       49308741
       49321860
       49322172
       49369558
       49374339
       49448779
       49495545
       49772786
       49816451
       49816802
       49936700
       50052573
       50507015
       50597075
       50597562
       50609354
       50734730
       51333501
       51533770
       51675146
       51933098
       51975674
       51985446
       51998935
       52035097
       52039659
       52170362
       52191002
       52298882
       52304876
       52579033
       52614819
       52638613
       52647529
       52660919
       52769163
       52783382
       52789386
       52842876
       52894267
       52969276
       53061750
       53083724
       53112021
       53200811
       53251565
       53284746
       53324906
       53374267
       53375463
       53414404
       53469299
       53573426
       53939846
       54086514
       54136259
       54290647
       54376410
       54396946
       54468445
       54623869
       54644781
       54782167
       54788594
       54911195
       54991003
       55245379
       55287468
       55339462
       55419721
       55577674
       55602963
       55646853
       55650058
       55652374
       55668402
       55812498
       56003242
       56090378
       56120883
       56425721
       56463053
       56572939
       56712850
       56815579
       56834457
       56839556
       57011446
       57028518
       57078803
       57104195
       57104834
       57301258
       57339523
       57350421
       57353737
       57355191
       57409274
       57494781
       57564467
       57624682
       57711034
       57811427
       57835354
       57946995
       58095941
       58282583
       58287747
       58319682
       58507707
       58539323
       58555338
       58623498
       58656724
       58768116
       58939394
       58984266
       59213098
       59289642
       59362228
       59419341
       59457659
       59497316
       59964137
       60157433
       60183180
       60186331
       60386662
       60426664
       60679523
       60680276
       60692520
       60716931
       60717351
       60777766
       60803191
       60852932
       60968089
       61015627
       61017821
       61118074
       61338362
       61360705
       61402610
       61529459
       61818363
       61882362
       62054151
       62082099
       62142410
       62306662
       62579306
       62600052
       62628471
       62786538
       62912074
       63056407
       63105191
       63177013
       63211932
       63217389
       63232285
       63412141
       63498877
       63501291
       63546583
       63574245
       63686006
       63686582
       63694925
       63715117
       63843843
       63926745
       63953092
       64020458
       64198327
       64303474
       64332093
       64369049
       64458650
       64493667
       64580075
       64645251
       64786380
       64903496
       64970829
       64971481
       65049241
       65158282
       65190055
       65238419
       65246116
       65490649
       65517069
       65548887
       65642140
       65717885
       65832170
       65987286
       66021339
       66041325
       66118010
       66249458
       66291901
       66688317
       66697282
       66720082
       66727429
       66853228
       66857867
       66987882
       67012139
       67025819
       67155945
       67178643
       67179353
       67311500
       67348396
       67486649
       67598684
       67706058
       67708747
       67729769
       67879319
       67887347
       67955444
       67978265
       68132390
       68212939
       68242971
       68273546
       68322138
       68393497
       68442603
       68464290
       68552439
       68581658
       68998907
       69008695
       69053206
       69159338
       69187910
       69326919
       69391931
       69490087
       69520178
       69712348
       69718826
       69741466
       69744660
       69901539
       69956953
       70100106
       70112586
       70117289
       70124423
       70228247
       70376490
       70378243
       70470186
       70470610
       70625498
       70811292
       70818566
       70860619
       71277226
       71406955
       71576999
       71734765
       71853513
       71898346
       71929718
       71939398
       71948074
       71955046
       72028034
       72089287
       72147707
       72321191
       72339442
       72357674
       72375755
       72501163
       72540379
       72625398
       72695050
       72917194
       72923417
       73045292
       73052066
       73101415
       73109171
       73296731
       73333097
       73495794
       73570391
       73697651
       73887266
       73939913
       74034933
       74035305
       74235179
       74487387
       74494356
       74500308
       74500665
       74587949
       74637778
       74937690
       74958803
       74964171
       74965881
       75135122
       75217778
       75305356
       75632806
       75770137
       75807842
       75982171
       76039305
       76121607
       76192717
       76210327
       76245011
       76285322
       76399159
       76489730
       76756020
       76806378
       76876874
       77100523
       77133867
       77134380
       77134707
       77156537
       77217482
       77571850
       77709495
       77979021
       78147725
       78242996
       78540650
       78540963
       78688522
       78721386
       78838838
       78900039
       78954746
       78984787
       79017753
       79068106
       79069019
       79113676
       79181373
       79348859
       79556404
       79594054
       79953955
       80132251
       80363949
       80390411
       80390779
       81112884
       81278761
       81338460
       81476828
       81571053
       81627833
       81729417
       81748949
       81942133
       82232135
       82245949
       82255267
       82261899
       82364546
       82414197
       82532466
       82595127
       82622205
       82900247
       82928247
       83077320
       83239257
       83269115
       83286646
       83287011
       83287943
       83387163
       83406955
       83421981
       83510725
       83685783
       83793194
       83853750
       83868924
       83944685
       83945164
       83954220
       83994728
       84083292
       84153111
       84244915
       84310285
       84729012
       84729702
       84794557
       85152827
       85185610
       85199609
       85240349
       85240714
       85290438
       85318551
       85431828
       85515619
       85596685
       85600365
       85623114
       85664234
       85759156
       85799973
       85881026
       85885783
       85932379
       86076724
       86204521
       86252075
       86368250
       86384277
       86422403
       86513962
       86746916
       86843789
       86934930
       86957591
       87002930
       87038329
       87055714
       87150812
       87163722
       87194586
       87255549
       87281066
       87562300
       87564428
       87655446
       87688333
       87705094
       87992097
       88066340
       88166955
       88184035
       88286628
       88291178
       88343946
       88344413
       88747931
       88766730
       88977573
       88996597
       88999501
       89070748
       89123475
       89225482
       89500936
       89750301
       89812491
       89875978
       89915413
       89928117
       90339730
       90353507
       90354179
       90515916
       90587003
       90587308
       90588404
       90692566
       90765747
       90883523
       90890956
       90957235
       91027771
       91048085
       91134935
       91164198
       91164715
       91237492
       91268422
       91745027
       91765881
       91920583
       91920970
       92002551
       92073274
       92078887
       92314077
       92323138
       92365574
       92546676
       92568644
       92582583
       92655203
       92672966
       92855225
       92963719
       93005125
       93098396
       93105101
       93208291
       93260662
       93504724
       93511363
       93540724
       93541113
       93579242
       93659398
       93831018
       94032684
       94155293
       94197507
       94318119
       94334141
       94334775
       94376979
       94488909
       94622379
       94896852
       95111181
       95111528
       95305829
       95375035
       95421189
       95491026
       95582171
       95614244
       95694443
       95929562
       96003577
       96081411
       96157443
       96214137
       96306871
       96342843
       96530679
       96561175
       96579618
       96593461
       96613402
       96678834
       96728650
       96763923
       96928441
       96936168
       96967379
       96976934
       97043970
       97044358
       97114326
       97405075
       97418685
       97428118
       97532226
       97626731
       97677453
       98070282
       98213450
       98277523
       98291417
       98411051
       98437379
       98471298
       98495114
       98510359
       98577443
       98919410
       98921645
       98953996
       98959061
       98959610
       98960027
       99001778
       99044266
       99097229
       99112996
       99206539
       99258263
       99392919
       99474824
       99495437
       99544746
       99548874
       99760043
       99828089
       99828487
       99861707
      100071321
      100186043
      100342477
      100359548
      100460537
      100469879
      100682714
      100733949
      100792204
      100859396
      100960697
      101101043
      101259955
      101547238
      101556156
      101623339
      101631769
      101642698
      101782774
      101796407
      101811250
      101902378
      101947603
      102056067
      102056970
      102166162
      102403052
      102424380
      102774996
      102776898
      102823195
      102886690
      103080285
      103131671
      103138345
      103269492
      103351794
      103406852
      103491389
      103798009
      103843061
      104100904
      104175405
      104194342
      104328019
      104453002
      104505341
      104542051
      104694971
      104861526
      104977741
      105080058
      105134986
      105174700
      105175033
      105230630
      105378134
      105434260
      105434966
      105435923
      105639257
      105704403
      105816141
      106010713
      106039850
      106103401
      106259337
      106299319
      106356717
      106395987
      106474134
      106690122
      106768983
      106963714
      106982294
      107196356
      107487778
      107562674
      107570890
      107703543
      108051434
      108334419
      108408630
      108447628
      108523740
      108536774
      109169365
      109170699
      109184354
      109335298
      109478653
      109601242
      109632234
      109672713
      109710868
      109768339
      109815242
      110119894
      110208932
      110278037
      110291606
      110414538
      110761027
      110781725
      110790842
      110864934
      110872475
      111151095
      111169561
      111212562
      111266932
      111304651
      111384468
      111385127
      111458859
      111599442
      111606506
      111823722
      111842252
      111911876
      111976285
      111980330
      112039560
      112130901
      112259786
      112284821
      112311995
      112399802
      112582054
      112582858
      112679004
      112788396
      112951724
      113128106
      113132717
      113155716
      113188668
      113206361
      113311197
      113311821
      113398221
      113544631
      113670981
      113818650
      113836873
      113897787
      113904870
      113913750
      113939989
      113969292
      114039686
      114126474
      114245062
      114304261
      114344972
      114364517
      114616434
      114846314
      114867427
      114869079
      114964021
      114964493
      114990581
      115040442
      115538980
      115674658
      115907211
      116089716
      116090316
      116151850
      116352554
      116441290
      116469857
      116515052
      116538098
      116597476
      116606549
      116797509
      116861707
      116865197
      117208029
      117440938
      117491810
      117650538
      117651467
      117679924
      117814090
      117858060
      117877514
      118001255
      118144745
      118148538
      118256404
      118327476
      118457051
      118650666
      118797746
      118826467
      118867590
      119300402
      119382307
      119470820
      119619946
      119675612
      119745283
      119909706
      119957098
      119978524
      120058633
      120115127
      120378002
      120452269
      120480652
      120481479
      120689322
      120700389
      120741267
      120741605
      120741932
      120767348
      120808277
      121023109
      121055350
      121095484
      121389146
      121416372
      121473002
      121556085
      121582370
      121646647
      121950388
      122032426
      122074082
      122080155
      122134493
      122151226
      122428315
      122489812
      122531523
      122535930
      122568407
      122603989
      122739735
      122819690
      122889139
      123023413
      123023843
      123050363
      123098420
      123148874
      123438394
      123525330
      123555803
      123614451
      123622268
      123686090
      123768395
      123925796
      123934235
      123953863
      123991574
      124018085
      124048908
      124179828
      124216153
      124239752
      124313827
      124352669
      124386633
      124481050
      124569015
      124582246
      124589282
      124713418
      124717672
