707812216   (707812216)    707812282   (707812204)      12.0    707812294   
8572245191  (8572245113)   8572245148  (8572245109)     4.0     8572245152  
6449096692  (6449096614)   6449096600  (6449096600)     14.0    6449096614  
2176236918  (2176236918)   2176236939  (2176236900)     18.0    2176236957  
9097097993  (9097097915)   9097097944  (9097097905)     10.0    9097097954  
2622398763  (2622398724)   2622398794  (2622398716)     8.0     2622398802  
5375008252  (5375008213)   5375008282  (5375008204)     9.0     5375008291  
10748124971 (10748124932)  10748124996 (10748124918)    14.0    10748125010 
10896507509 (10896507509)  10896507536 (10896507536)    12.0    10896507548 
2491774750  (2491774711)   2491774773  (2491774734)     16.0    2491774789  
10763833256 (10763833217)  10763833206 (10763833206)    11.0    10763833217 
8986601140  (8986601101)   8986601195  (8986601117)     -16.0   8986601179  
1968048407  (1968048407)   1968048464  (1968048425)     -18.0   1968048446  
1076818974  (1076818935)   1076818994  (1076818916)     19.0    1076819013  
5454646012  (5454646012)   5454646052  (5454646013)     -1.0    5454646051  
11713564836 (11713564836)  11713564859 (11713564820)    16.0    11713564875 
9843855706  (9843855706)   9843855797  (9843855719)     -13.0   9843855784  
500278571   (500278532)    500278533   (500278533)      -1.0    500278532   
2178053436  (2178053436)   2178053461  (2178053422)     14.0    2178053475  
6031706152  (6031706113)   6031706197  (6031706119)     -6.0    6031706191  
7710662635  (7710662635)   7710662677  (7710662638)     -3.0    7710662674  
2336780115  (2336780115)   2336780148  (2336780109)     6.0     2336780154  
8130382796  (8130382718)   8130382732  (8130382732)     -14.0   8130382718  
842930900   (842930900)    842930991   (842930913)      -13.0   842930978   
4696662700  (4696662700)   4696662722  (4696662722)     17.0    4696662739  
2153932344  (2153932305)   2153932389  (2153932311)     -6.0    2153932383  
4670614388  (4670614310)   4670614342  (4670614303)     7.0     4670614349  
1760877334  (1760877334)   1760877396  (1760877318)     16.0    1760877412  
6610567532  (6610567532)   6610567510  (6610567510)     -17.0   6610567493  
765080968   (765080929)    765080940   (765080901)      -11.0   765080929   
2652721832  (2652721832)   2652721880  (2652721802)     -9.0    2652721871  
188645630   (188645630)    188645660   (188645621)      9.0     188645669   
9180245579  (9180245501)   9180245510  (9180245510)     -9.0    9180245501  
11932878148 (11932878109)  11932878188 (11932878110)    -1.0    11932878187 
311126184   (311126106)    311126101   (311126101)      5.0     311126106   
3990298126  (3990298126)   3990298188  (3990298110)     16.0    3990298204  
11714434039 (11714434000)  11714434085 (11714434007)    -7.0    11714434078 
1290307565  (1290307526)   1290307525  (1290307525)     1.0     1290307526  
8118730035  (8118730035)   8118730059  (8118730020)     15.0    8118730074  
3688509237  (3688509237)   3688509276  (3688509237)     -0.0    3688509276  
12240065492 (12240065414)  12240065413 (12240065413)    1.0     12240065414 
819122892   (819122814)    819122842   (819122803)      11.0    819122853   
950339758   (950339719)    950339781   (950339703)      16.0    950339797   
10073202202 (10073202202)  10073202229 (10073202229)    12.0    10073202241 
1605972476  (1605972437)   1605972405  (1605972405)     -7.0    1605972398  
3388556730  (3388556730)   3388556770  (3388556731)     -1.0    3388556769  
7041400     (7041400)      7041462     (7041423)        16.0    7041478     
2287702460  (2287702421)   2287702437  (2287702437)     -16.0   2287702421  
333235128   (333235128)    333235157   (333235118)      10.0    333235167   
7740708237  (7740708237)   7740708261  (7740708222)     15.0    7740708276  
10325062475 (10325062436)  10325062454 (10325062415)    -18.0   10325062436 
10965355816 (10965355816)  10965355877 (10965355838)    17.0    10965355894 
9917015068  (9917015029)   9917015029  (9917015029)     -0.0    9917015029  
820822202   (820822202)    820822294   (820822216)      -14.0   820822280   
10299667543 (10299667504)  10299667512 (10299667512)    -8.0    10299667504 
5985101844  (5985101805)   5985101880  (5985101802)     3.0     5985101883  
8389986894  (8389986816)   8389986828  (8389986828)     -12.0   8389986816  
11306797802 (11306797802)  11306797877 (11306797838)    3.0     11306797880 
3029170552  (3029170513)   3029170517  (3029170517)     -4.0    3029170513  
3862217611  (3862217611)   3862217632  (3862217632)     18.0    3862217650  
12056134446 (12056134407)  12056134466 (12056134427)    19.0    12056134485 
6064952938  (6064952938)   6064952975  (6064952936)     2.0     6064952977  
5068948174  (5068948135)   5068948134  (5068948134)     1.0     5068948135  
9171052952  (9171052913)   9171052907  (9171052907)     6.0     9171052913  
4283017402  (4283017402)   4283017445  (4283017406)     -4.0    4283017441  
7785766919  (7785766919)   7785766976  (7785766937)     -18.0   7785766958  
8267889877  (8267889838)   8267889829  (8267889829)     9.0     8267889838  
12064749831 (12064749831)  12064749894 (12064749816)    15.0    12064749909 
2710633285  (2710633207)   2710633260  (2710633221)     -14.0   2710633246  
7403100860  (7403100821)   7403100886  (7403100808)     13.0    7403100899  
11990534508 (11990534508)  11990534544 (11990534505)    3.0     11990534547 
8871377738  (8871377738)   8871377766  (8871377727)     11.0    8871377777  
3786130232  (3786130232)   3786130261  (3786130222)     10.0    3786130271  
5070735164  (5070735125)   5070735192  (5070735114)     11.0    5070735203  
11834445031 (11834445031)  11834445093 (11834445015)    16.0    11834445109 
11796824254 (11796824215)  11796824292 (11796824214)    1.0     11796824293 
2345081406  (2345081406)   2345081426  (2345081426)     19.0    2345081445  
693581726   (693581726)    693581772   (693581733)      -7.0    693581765   
143179111   (143179111)    143179173   (143179134)      16.0    143179189   
4214958187  (4214958109)   4214958165  (4214958126)     -17.0   4214958148  
7045021195  (7045021117)   7045021174  (7045021135)     -18.0   7045021156  
4469008250  (4469008211)   4469008271  (4469008232)     18.0    4469008289  
11284832979 (11284832901)  11284832918 (11284832918)    -17.0   11284832901 
9767642568  (9767642529)   9767642536  (9767642536)     -7.0    9767642529  
8270292204  (8270292204)   8270292240  (8270292201)     3.0     8270292243  
39321262    (39321223)     39321206    (39321206)       17.0    39321223    
170470894   (170470816)    170470856   (170470817)      -1.0    170470855   
11285445067 (11285445028)  11285445093 (11285445015)    13.0    11285445106 
9338913159  (9338913120)   9338913125  (9338913125)     -5.0    9338913120  
1717356696  (1717356618)   1717356608  (1717356608)     10.0    1717356618  
1717585070  (1717585031)   1717585093  (1717585015)     16.0    1717585109  
3133826793  (3133826715)   3133826710  (3133826710)     5.0     3133826715  
1246565412  (1246565412)   1246565476  (1246565437)     14.0    1246565490  
3218049852  (3218049813)   3218049884  (3218049806)     7.0     3218049891  
5965219188  (5965219110)   5965219140  (5965219101)     9.0     5965219149  
417552211   (417552211)    417552261   (417552222)      -11.0   417552250   
513375846   (513375807)    513375802   (513375802)      5.0     513375807   
4314666518  (4314666518)   4314666571  (4314666532)     -14.0   4314666557  
7644428442  (7644428403)   7644428405  (7644428405)     -2.0    7644428403  
3135836519  (3135836519)   3135836555  (3135836516)     3.0     3135836558  
1038824100  (1038824100)   1038824187  (1038824109)     -9.0    1038824178  
2533529611  (2533529611)   2533529653  (2533529614)     -3.0    2533529650  
9291756492  (9291756414)   9291756455  (9291756416)     -2.0    9291756453  
8052236422  (8052236422)   8052236469  (8052236430)     -8.0    8052236461  
11341776030 (11341776030)  11341776005 (11341776005)    -14.0   11341775991 
987127333   (987127333)    987127365   (987127326)      7.0     987127372   
9492515595  (9492515517)   9492515532  (9492515532)     -15.0   9492515517  
8509481963  (8509481924)   8509481989  (8509481911)     13.0    8509482002  
10797535923 (10797535923)  10797535960 (10797535921)    2.0     10797535962 
8170347692  (8170347614)   8170347637  (8170347637)     16.0    8170347653  
11735506165 (11735506126)  11735506188 (11735506110)    16.0    11735506204 
5234431139  (5234431100)   5234431179  (5234431101)     -1.0    5234431178  
8273670379  (8273670301)   8273670307  (8273670307)     -6.0    8273670301  
3557127268  (3557127229)   3557127243  (3557127204)     -14.0   3557127229  
2377773805  (2377773805)   2377773829  (2377773829)     15.0    2377773844  
10841695831 (10841695831)  10841695861 (10841695822)    9.0     10841695870 
10792743861 (10792743822)  10792743813 (10792743813)    9.0     10792743822 
10764883461 (10764883422)  10764883429 (10764883429)    -7.0    10764883422 
8224156884  (8224156806)   8224156860  (8224156821)     -15.0   8224156845  
2431208890  (2431208812)   2431208859  (2431208820)     -8.0    2431208851  
229289011   (229289011)    229289068   (229289029)      -18.0   229289050   
8644119578  (8644119500)   8644119557  (8644119518)     -18.0   8644119539  
4712061099  (4712061021)   4712061078  (4712061000)     -18.0   4712061060  
2641165243  (2641165204)   2641165285  (2641165207)     -3.0    2641165282  
491838859   (491838820)    491838810   (491838810)      10.0    491838820   
4869705660  (4869705621)   4869705621  (4869705621)     -0.0    4869705621  
8487579401  (8487579401)   8487579428  (8487579428)     12.0    8487579440  
5444228861  (5444228822)   5444228824  (5444228824)     -2.0    5444228822  
4319651868  (4319651829)   4319651845  (4319651806)     -16.0   4319651829  
990424981   (990424903)    990424917   (990424917)      -14.0   990424903   
2118063006  (2118063006)   2118063066  (2118063027)     18.0    2118063084  
6129248056  (6129248017)   6129248005  (6129248005)     12.0    6129248017  
4320472574  (4320472535)   4320472597  (4320472519)     16.0    4320472613  
4766377848  (4766377809)   4766377868  (4766377829)     19.0    4766377887  
10481302942 (10481302903)  10481302965 (10481302926)    16.0    10481302981 
2538726331  (2538726331)   2538726389  (2538726311)     -19.0   2538726370  
2538756137  (2538756137)   2538756186  (2538756108)     -10.0   2538756176  
3456267275  (3456267236)   3456267253  (3456267214)     -17.0   3456267236  
12302624259 (12302624220)  12302624213 (12302624213)    7.0     12302624220 
9826600250  (9826600211)   9826600278  (9826600200)     11.0    9826600289  
10377216132 (10377216132)  10377216155 (10377216116)    16.0    10377216171 
2303270508  (2303270508)   2303270533  (2303270533)     14.0    2303270547  
5213069339  (5213069300)   5213069381  (5213069303)     -3.0    5213069378  
11321103614 (11321103614)  11321103636 (11321103636)    17.0    11321103653 
337946372   (337946333)    337946325   (337946325)      8.0     337946333   
9986802301  (9986802301)   9986802341  (9986802302)     -1.0    9986802340  
5843024846  (5843024807)   5843024868  (5843024829)     17.0    5843024885  
4377353511  (4377353511)   4377353563  (4377353524)     -13.0   4377353550  
4634157547  (4634157508)   4634157509  (4634157509)     -1.0    4634157508  
8333529741  (8333529702)   8333529797  (8333529719)     -17.0   8333529780  
5921830565  (5921830526)   5921830507  (5921830507)     19.0    5921830526  
1895862254  (1895862215)   1895862277  (1895862238)     16.0    1895862293  
8543331081  (8543331003)   8543331043  (8543331004)     -1.0    8543331042  
1911233255  (1911233216)   1911233224  (1911233224)     -8.0    1911233216  
5424009205  (5424009205)   5424009253  (5424009214)     -9.0    5424009244  
8910864027  (8910864027)   8910864091  (8910864013)     14.0    8910864105  
11244161355 (11244161316)  11244161318 (11244161318)    -2.0    11244161316 
3589838190  (3589838112)   3589838101  (3589838101)     11.0    3589838112  
9645369165  (9645369126)   9645369190  (9645369112)     14.0    9645369204  
8990154618  (8990154618)   8990154646  (8990154607)     11.0    8990154657  
6421469927  (6421469927)   6421469973  (6421469934)     -7.0    6421469966  
8282853514  (8282853514)   8282853573  (8282853534)     19.0    8282853592  
11979131235 (11979131235)  11979131285 (11979131207)    -11.0   11979131274 
8728652231  (8728652231)   8728652261  (8728652222)     9.0     8728652270  
2778092376  (2778092337)   2778092356  (2778092317)     -19.0   2778092337  
3328600455  (3328600416)   3328600432  (3328600432)     -16.0   3328600416  
1519835271  (1519835232)   1519835237  (1519835237)     -5.0    1519835232  
11350264283 (11350264205)  11350264235 (11350264235)    9.0     11350264244 
2489800566  (2489800527)   2489800539  (2489800500)     -12.0   2489800527  
5635567436  (5635567436)   5635567461  (5635567422)     14.0    5635567475  
7260899947  (7260899908)   7260899925  (7260899925)     -17.0   7260899908  
10130306490 (10130306412)  10130306453 (10130306414)    -2.0    10130306451 
3564830109  (3564830109)   3564830164  (3564830125)     -16.0   3564830148  
3407757480  (3407757402)   3407757448  (3407757409)     -7.0    3407757441  