         3
         0
         1
         3
         6
         2
         2
         1
         5
         1
         4
         7
         2
         4
         1
         4
         4
         1
         5
         0
         1
         3
         7
         2
         2
         1
         0
         4
         1
         6
         0
         6
         6
         0
         3
         7
         1
         2
         4
         1
         3
         0
         2
         1
         5
         1
         1
         2
         3
         4
         2
         2
         4
         3
         1
         0
         4
         2
         4
         4
         6
         2
         4
         2
         6
         3
         6
         1
         4
         1
         2
         7
         2
         1
         6
         4
         1
         4
         7
         0
         6
         5
         1
         2
         6
         3
         3
         6
         6
         5
         5
         6
         5
         1
         1
         5
         3
         4
         3
         3
