alice_main_high.npy      alice_pol_main.npy  bob_pol_main_high.npy  THEORY_2014_6_3.csv
alice_main_low.npy       alice_pol.npy       bob_pol_main_low.npy   THEORY_2014_6_3_high.csv
alice_main.npy           bob_main_high.npy   bob_pol_main.npy       THEORY_2014_6_3_low.csv
alice.npy                bob_main_low.npy    bob_pol.npy
alice_pol_main_high.npy  bob_main.npy        loadArray.py
alice_pol_main_low.npy   bob.npy             prep_high.txt

alice_main_high:
[        44        714       1322       1690       2042       3698
       3720       4198       4237       4309 ..., 6900738485 6900738595
 6900738759 6900738950 6900739272 6900739435 6900739780 6900739879
 6900740720 6900740848]

alice_main_low:
[          0       72400      180618      243915      307206      377054
      412102      439949      516511      587565 ..., 38398895409
 38398929597 38398958619 38398997770 38399227064 38399600296 38399618070
 38399745853 38399763911 38399764058]
alice_main
[        44        714       1322       1690       2042       3698
       3720       4198       4237       4309 ..., 6900738485 6900738595
 6900738759 6900738950 6900739272 6900739435 6900739780 6900739879
 6900740720 6900740848]
alice
[ 0.20293208  0.20293225  0.20293241  0.20293251  0.2029326   0.20293303
  0.20293304  0.20293316  0.20293317  0.20293319 ...,  1.99999938
  1.99999941  1.99999945  1.9999995   1.99999958  1.99999963  1.99999972
  1.99999974  1.99999996  2.        ]
alice_pol_main_high
[0 0 3 2 0 0 1 0 3 0 ..., 3 3 0 0 3 0 0 1 0 0]
alice_pol_main_low
[1 1 0 2 0 2 0 1 0 3 ..., 2 2 3 2 2 2 2 2 1 1]
alice_pol_main
[0 0 3 2 0 0 1 0 3 0 ..., 3 3 0 0 3 0 0 1 0 0]
alice_pol
[0 0 3 2 0 0 1 0 3 0 ..., 3 3 0 0 3 0 0 1 0 0]
"./DATA/power238_1s_1.csv","./DATA/power238_1s_0.csv"]
[          0        2563        7798       14175       27810       31338
       42901       44035       51092       60426       62482       75993
       79802       93554      102583      106946      110333      112640
      119975      120854      121191      137789      146157      151261
      156541      163628      164271      166093      170256      186855
      189530      210721      212068      212220      230452      236818
      241582      248991      258775      260418      278400      292678
      312645      314064      318414      329451      332069      338076
      349837      360251      364181      369941      375798      382403
      384613      387419      393226      393401      398070      417953
      418469      424058      447744      456147      457720      460411
      467441      471020      473047      475174      492116      495899
      502313      506498      506817      535392      540919      553130
      573995      576912      577146      591433      604981      608505
      616603      629751      641198      645215      657819      660402
      661447      664041      672991      680402      696808      700328
      703198      706257      707497      709036      709847      710227
      714927      721761      730656      735810      761300      766600
      767201      774767      780341      785295      797204      798392
      800104      800665      832577      837479      844723      856549
      858727      860396      884689      894572      894774      897913
      924415      924793      927279      940968      942425      943493
      945160      947463      954549      955377      959736      964666
      967104      974183      976122      978287      980542      996311
      997438     1002980     1003920     1004420     1018237     1020511
     1025498     1027407     1030800     1046251     1060389     1064696
     1073454     1074748     1080301     1082180     1085192     1098410
     1099277     1101982     1104255     1105620     1111937     1121752
     1139805     1139854     1157564     1160549     1164817     1167225
     1168000     1192760     1193255     1193512     1193808     1204600
     1210401     1218073     1234292     1242380     1245824     1247797
     1251770     1255344     1257381     1260381     1260908     1282086
     1283681     1286991     1289798     1293012     1293874     1297625
     1300947     1305035     1311651     1317388     1321824     1329848
     1352217     1357562     1364665     1379321     1396675     1410546
     1415433     1417259     1424246     1424561     1430732     1437615
     1460373     1463875     1464522     1466626     1487704     1495562
     1501337     1511032     1511697     1526987     1546240     1559269
     1559863     1568758     1578950     1593922     1594773     1596335
     1604152     1612010     1613481     1620240     1628028     1643568
     1655400     1656101     1657340     1660367     1670397     1676822
     1686655     1690598     1692270     1698044     1705423     1709046
     1710915     1726145     1736956     1744628     1750002     1765557
     1774085     1781567     1785052     1792136     1794675     1807490
     1810153     1813491     1813775     1818593     1824479     1826840
     1827605     1841315     1844133     1847076     1850146     1855000
     1858858     1860359     1871858     1875174     1877404     1881756
     1888298     1888683     1898106     1904523     1907163     1909245
     1931874     1934611     1939600     1941052     1946026     1954928
     1955960     1984852     1987902     1997181     1997892     1998444
     2002981     2004976     2006820     2045352     2048943     2048975
     2060353     2064490     2078811     2085616     2090425     2091733
     2105870     2126681     2129969     2138814     2142341     2155186
     2159521     2168474     2171602     2172748     2187539     2192933
     2195068     2195612     2196428     2201946     2220233     2230449
     2243979     2244489     2246686     2248772     2258231     2260344
     2279283     2302553     2308142     2328677     2332634     2336475
     2340002     2343860     2349653     2365804     2368148     2379876
     2384981     2390369     2402167     2408908     2415031     2428830
     2429474     2453143     2459993     2460337     2461760     2466043
     2478972     2480105     2480656     2487300     2507454     2510932
     2513239     2517746     2520485     2565133     2569310     2572175
     2620542     2622049     2633812     2649399     2651285     2660330
     2666483     2672365     2673773     2677783     2679182     2680670
     2686575     2688491     2697301     2697460     2708878     2715723
     2716020     2718063     2721485     2726048     2727669     2728256
     2729037     2729354     2736312     2738312     2744445     2765352
     2774377     2782488     2790261     2801196     2808747     2819334
     2821516     2832173     2844703     2847291     2852567     2856372
     2860323     2886649     2890541     2895542     2896030     2902581
     2908258     2913300     2921964     2936488     2946774     2946894
     2955739     2960880     2974067     2978930     2998050     2998983
     3002156     3004339     3011617     3017105     3018980     3019322
     3030662     3031959     3033150     3037184     3041113     3060314
     3065752     3073560     3074276     3074432     3104701     3108302
     3122759     3133871     3138717     3140396     3155538     3164268
     3181400     3184148     3188508     3200649     3202166     3205669
     3210861     3211888     3213530     3225664     3228394     3231188
     3231260     3235045     3239009     3254920     3256335     3258974
     3260307     3267620     3268914     3289645     3316170     3324328
     3333811     3336997     3355934     3355970     3366533     3375553
     3400032     3409542     3410917     3418906     3426868     3440345
     3445215     3460300     3464218     3486339     3489592     3495960
     3509540     3513801     3524106     3571360     3572881     3581805
     3617488     3619454     3623978     3627885     3636569     3638129
     3654260     3655931     3660291     3660953     3668287     3675103
     3681497     3684747     3695854     3713799     3737485     3738091
     3751576     3753178     3756467     3760998     3766111     3766439
     3773353     3777810     3792979     3804652     3833501     3840006
     3841294     3841468     3849958     3854195     3860285     3861063
     3862609     3866611     3870667     3875949     3878466     3882148
     3890091     3892987     3893720     3914498     3932907     3938823
     3952650     3958880     3963060     3966414     3983261     3995044
     4006892     4017479     4020264     4024401     4030302     4040407
     4040910     4042253     4060277     4061843     4069235     4079812
     4089117     4089312     4090162     4090182     4090882     4114340
     4144091     4161346     4162587     4173595     4201041     4204200
     4206032     4206595     4225513     4228277     4229317     4244688
     4251102     4260269     4284275     4289878     4291489     4312897
     4313218     4320799     4328862     4334103     4340134     4358627
     4386760     4392551     4393397     4396895     4406895     4409344
     4409983     4411215     4413578     4424929     4435112     4452975
     4460263     4462959     4472146     4482409     4484606     4499684
     4502978     4507291     4514570     4520832     4524974     4531347
     4535715     4542799     4551607     4589035     4589869     4590869
     4598310     4634720     4643575     4657130     4660255     4661811
     4667019     4683146     4683661     4685270     4686395     4691767
     4702183     4702438     4711245     4714730     4719648     4722502
     4729677     4732416     4736619     4746690     4750687     4751286
     4753685     4761937     4764502     4771534     4780900     4780934
     4795583     4807528     4811249     4836741     4843497     4852168
     4853784     4860248     4867519     4887320     4920906     4930499
     4930941     4946465     4973420     4982887     5007865     5027778
     5028426     5049260     5049283     5051707     5060241     5075298
     5086903     5089399     5090632     5105165     5107904     5111698
     5126900     5129595     5137398     5159658     5165424     5177659
     5201667     5204474     5205065     5205191     5205532     5208207
     5208672     5208682     5209184     5210357     5218995     5227290
     5237665     5239286     5244000     5260233     5260478     5261341
     5267544     5273569     5278096     5282228     5285052     5287842
     5308566     5336342     5363254     5367232     5368861     5368954
     5370186     5372278     5376877     5394400     5402316     5403399
     5408572     5421204     5433440     5439214     5460226     5461212
     5462437     5463064     5486964     5493589     5494111     5498189
     5499497     5504558     5507168     5513352     5525574     5538927
     5545010     5552815     5558771     5560931     5571662     5581132
     5582390     5585034     5591018     5611840     5634052     5636056
     5660216     5661180     5707829     5713170     5717098     5727451
     5738723     5748622     5783139     5785434     5788475     5829871
     5835748     5836659     5843032     5860209     5862864     5862874
     5868038     5877595     5898391     5906277     5906418     5917160
     5931500     5932620     5936830     5937897     5939251     5942477
     5944296     5963845     5969394     5978781     5984574     5993509
     6001123     6006695     6010691     6014496     6014796     6024339
     6035601     6035823     6041993     6052974     6053108     6060201
     6072540     6080599     6099482     6100891     6111445     6133555
     6138245     6143887     6147108     6163668     6178211     6182526
     6190838     6191923     6203229     6204333     6219054     6222314
     6226188     6233711     6235009     6238238     6245079     6245215
     6260195     6261490     6261755     6266496     6268137     6269991
     6283646     6284821     6303564     6306330     6331696     6339916
     6355343     6357351     6359188     6388238     6406609     6414242
     6418377     6430539     6432891     6433214     6436919     6437773
     6450064     6450640     6460187     6461472     6465996     6473644
     6476786     6496953     6505472     6534306     6536612     6537249
     6542655     6546961     6550047     6559005     6582188     6582396
     6585848     6586349     6594960     6595559     6597880     6598731
     6611557     6624355     6626978     6641426     6642023     6646958
     6660181     6661380     6664722     6681092     6685703     6688378
     6710097     6715716     6721344     6723030     6746967     6797877
     6800144     6812035     6828045     6832166     6838922     6852254
     6855018     6860172     6875995     6890274     6891364     6892151
     6893076     6893725     6904272     6907635     6908810     6913044
     6922356     6924017     6927220     6931937     6944121     6944696
     6945739     6950980     6964957     6965847     6969331     6984500
     6987581     7008078     7008601     7016095     7019076     7021099
     7024740     7026889     7027535     7036037     7036405     7042542
     7045155     7060167     7063927     7088831     7108491     7115823
     7128539     7130841     7132079     7133607     7137557     7138756
     7160711     7163714     7168087     7187927     7189756     7221803
     7232916     7237452     7260159     7261117     7267417     7271073
     7285214     7290613     7307059     7310460     7320630     7331011
     7336353     7341876     7344163     7351572     7363847     7377063
     7379800     7381390     7382542     7395634     7395754     7396805
     7404654     7418948     7423430     7423997     7437232     7439012
     7460152     7462227     7464131     7481164     7483409     7483914
     7488966     7489620     7497248     7517157 ..., 19992894298
 19992895885 19992906357 19992914155 19992916458 19992922029 19992922998
 19992923632 19992929938 19992940389 19992947039 19992948653 19992951151
 19992953955 19992955554 19992958353 19992969196 19992974053 19992981145
 19992983772 19992993004 19993001266 19993004073 19993043036 19993057165
 19993067907 19993078982 19993099531 19993103995 19993107158 19993113425
 19993114149 19993121838 19993128376 19993142418 19993149546 19993169194
 19993183107 19993184527 19993190275 19993192823 19993192932 19993193533
 19993205558 19993211179 19993213101 19993214466 19993244602 19993247006
 19993259452 19993260695 19993261739 19993267777 19993276989 19993296837
 19993297613 19993311517 19993314141 19993317064 19993328756 19993350892
 19993361424 19993364596 19993365320 19993381250 19993384632 19993385519
 19993395589 19993401126 19993401803 19993402432 19993409630 19993425909
 19993428335 19993433981 19993434289 19993435969 19993465535 19993472815
 19993475321 19993475888 19993493112 19993514134 19993523441 19993525097
 19993538017 19993539425 19993548872 19993549853 19993563618 19993564812
 19993579426 19993583614 19993609758 19993610993 19993613702 19993616459
 19993620152 19993622675 19993624440 19993634954 19993635547 19993640344
 19993660124 19993674545 19993680536 19993685093 19993697189 19993698650
 19993703702 19993707779 19993714126 19993718662 19993754725 19993777701
 19993789205 19993793651 19993795710 19993805902 19993807765 19993809472
 19993816564 19993817061 19993834932 19993836522 19993841376 19993844215
 19993856890 19993894372 19993914120 19993917156 19993921878 19993923190
 19993949612 19993956689 19993959536 19993960714 19993962820 19993964018
 19993972404 19993973422 19993978860 19993980151 19993983542 19993986074
 19993990453 19993998399 19994002277 19994004521 19994012057 19994014296
 19994018831 19994042099 19994042809 19994043288 19994046277 19994067930
 19994087899 19994089657 19994106452 19994111251 19994111740 19994114113
 19994117303 19994120504 19994125990 19994138992 19994145214 19994145860
 19994148720 19994155111 19994163314 19994175470 19994180988 19994182827
 19994184290 19994192044 19994195427 19994202019 19994203739 19994211931
 19994224293 19994226443 19994231330 19994233506 19994235512 19994236054
 19994236333 19994246653 19994257536 19994260532 19994287494 19994294731
 19994295304 19994314104 19994330952 19994333185 19994333262 19994341974
 19994353572 19994357105 19994364958 19994374010 19994376773 19994378452
 19994397568 19994401654 19994405925 19994428352 19994433698 19994435585
 19994454195 19994470632 19994475461 19994484483 19994484768 19994514097
 19994515427 19994530131 19994532827 19994537635 19994544570 19994545749
 19994548914 19994557947 19994568089 19994569473 19994571205 19994576945
 19994585383 19994604345 19994608895 19994617679 19994626581 19994646816
 19994649056 19994649220 19994653429 19994657864 19994660592 19994668985
 19994678926 19994685007 19994690509 19994697301 19994705776 19994708755
 19994709858 19994713066 19994713559 19994714089 19994724912 19994731406
 19994736797 19994749367 19994753898 19994765720 19994797272 19994810701
 19994813147 19994831424 19994841153 19994844463 19994845038 19994868340
 19994870018 19994877837 19994878572 19994889466 19994897157 19994914083
 19994915367 19994916240 19994920421 19994930332 19994961738 19994965783
 19994979890 19994996735 19994996833 19995002599 19995003850 19995020702
 19995021313 19995024223 19995027173 19995029311 19995054685 19995055974
 19995058332 19995060201 19995063197 19995070654 19995071557 19995081813
 19995083419 19995088024 19995103034 19995114074 19995114155 19995117200
 19995118639 19995125025 19995125822 19995133726 19995137502 19995138385
 19995145115 19995182831 19995184001 19995188535 19995201267 19995201452
 19995204365 19995209170 19995219814 19995226827 19995234719 19995242641
 19995249724 19995254248 19995259093 19995259451 19995266908 19995272684
 19995295314 19995297549 19995300107 19995312007 19995314067 19995315103
 19995321342 19995329627 19995332591 19995335704 19995344836 19995351418
 19995361905 19995366139 19995376903 19995399665 19995409585 19995410790
 19995411429 19995413532 19995415705 19995417050 19995422503 19995429485
 19995438680 19995439614 19995446680 19995451679 19995457278 19995458719
 19995463049 19995493339 19995504975 19995506105 19995512099 19995513153
 19995514059 19995515638 19995516764 19995519079 19995527154 19995544173
 19995556756 19995557869 19995583675 19995585720 19995588939 19995594509
 19995606756 19995609893 19995611090 19995616244 19995618589 19995623634
 19995643829 19995649594 19995655554 19995658980 19995664992 19995665360
 19995672340 19995678964 19995683146 19995683918 19995684060 19995689063
 19995692121 19995714052 19995718925 19995726022 19995763554 19995767275
 19995772344 19995795980 19995805657 19995810806 19995811474 19995812958
 19995821582 19995822629 19995825038 19995826476 19995828338 19995830603
 19995834962 19995848008 19995848766 19995864822 19995881423 19995887545
 19995909670 19995910440 19995914037 19995914044 19995922607 19995934172
 19995952207 19995972221 19995974181 19995976651 19995986710 19995993219
 19995998160 19995998308 19996001390 19996001888 19996006452 19996021314
 19996029361 19996030951 19996037995 19996045774 19996067472 19996068263
 19996070190 19996071566 19996076479 19996090330 19996091168 19996092727
 19996098247 19996103589 19996103943 19996114037 19996135532 19996139324
 19996149438 19996150718 19996155652 19996162319 19996170381 19996173083
 19996177324 19996182313 19996182961 19996189764 19996195995 19996201830
 19996205912 19996206843 19996207890 19996211860 19996229093 19996229311
 19996229732 19996244211 19996249013 19996256413 19996258201 19996259070
 19996261272 19996284763 19996285763 19996286601 19996287745 19996309560
 19996314029 19996320217 19996321935 19996331037 19996332380 19996339864
 19996349760 19996358310 19996380371 19996394315 19996399106 19996402499
 19996417209 19996419397 19996421421 19996434225 19996435029 19996438989
 19996448798 19996461532 19996468231 19996469028 19996471662 19996486599
 19996492499 19996496349 19996513394 19996514021 19996515847 19996530175
 19996530177 19996560947 19996563644 19996571662 19996575830 19996585080
 19996605358 19996607220 19996629158 19996636003 19996636414 19996643881
 19996645562 19996651406 19996663534 19996668620 19996692356 19996703012
 19996704989 19996714015 19996715328 19996738354 19996749032 19996754347
 19996755095 19996762851 19996765688 19996774594 19996778700 19996792425
 19996806049 19996822467 19996828129 19996836624 19996852351 19996865377
 19996870799 19996875291 19996897585 19996900852 19996903036 19996914008
 19996914859 19996916312 19996925992 19996931259 19996932720 19996936496
 19996940144 19996957739 19996958260 19996958601 19996958986 19996960840
 19996975709 19996986524 19997003122 19997012547 19997016302 19997027740
 19997040505 19997048933 19997089208 19997100806 19997105802 19997110969
 19997111433 19997114000 19997114435 19997130347 19997137175 19997138853
 19997142989 19997159541 19997164916 19997172117 19997175915 19997180505
 19997181337 19997184847 19997188333 19997191548 19997193662 19997196085
 19997209691 19997213711 19997214853 19997232659 19997233609 19997234824
 19997236720 19997249626 19997264975 19997265606 19997304526 19997305444
 19997308841 19997313993 19997328791 19997336227 19997336813 19997338397
 19997348450 19997349280 19997368774 19997374942 19997374975 19997379268
 19997381200 19997382270 19997382781 19997383921 19997393337 19997401019
 19997405268 19997422431 19997423721 19997428054 19997430668 19997435547
 19997436507 19997452530 19997466536 19997479154 19997481064 19997495462
 19997498013 19997510648 19997511464 19997513985 19997515690 19997519086
 19997529033 19997537103 19997556437 19997567483 19997571324 19997572780
 19997579413 19997585513 19997586380 19997586627 19997588880 19997603761
 19997605399 19997606529 19997610189 19997610665 19997611393 19997621148
 19997631973 19997634998 19997651272 19997653606 19997658373 19997663689
 19997664729 19997669643 19997676855 19997678465 19997679303 19997682572
 19997682719 19997685724 19997696941 19997699207 19997706454 19997706968
 19997713977 19997718254 19997718361 19997724210 19997727115 19997739570
 19997754568 19997758667 19997760952 19997762172 19997765294 19997767780
 19997779502 19997792031 19997794476 19997800363 19997803353 19997809269
 19997819522 19997820481 19997822060 19997823263 19997830473 19997832872
 19997845997 19997851566 19997862017 19997875582 19997883717 19997891250
 19997912436 19997913971 19997936670 19997936730 19997941305 19997941758
 19997941889 19997942040 19997945980 19997950316 19997950782 19997963265
 19997965969 19997971695 19997977360 19997994514 19997995949 19997997218
 19998020371 19998056291 19998073495 19998074301 19998077249 19998078983
 19998079061 19998080566 19998082629 19998087233 19998094028 19998113963
 19998123515 19998131839 19998133278 19998134150 19998136983 19998142162
 19998143103 19998147239 19998163752 19998165028 19998169673 19998183689
 19998187383 19998188056 19998191972 19998199291 19998206698 19998209106
 19998228406 19998237262 19998240928 19998250579 19998254663 19998266240
 19998266294 19998269500 19998271420 19998272194 19998282510 19998285360
 19998291475 19998294969 19998304864 19998307300 19998313375 19998313955
 19998315820 19998332213 19998333551 19998352527 19998372396 19998377231
 19998377802 19998388895 19998397619 19998407208 19998420149 19998420659
 19998424957 19998425394 19998431060 19998446531 19998447276 19998483048
 19998489521 19998492393 19998494007 19998504390 19998510948 19998513948
 19998522522 19998526178 19998539421 19998543170 19998544282 19998550176
 19998553891 19998562554 19998572104 19998572726 19998577844 19998583051
 19998587158 19998595241 19998600565 19998607329 19998607956 19998612585
 19998615821 19998628672 19998629796 19998642152 19998643284 19998647308
 19998655255 19998657244 19998665024 19998665720 19998667567 19998668280
 19998679049 19998682905 19998701606 19998713941 19998736977 19998738092
 19998745599 19998769714 19998774478 19998774811 19998775923 19998804109
 19998811794 19998815809 19998826531 19998858374 19998866163 19998877392
 19998895417 19998900548 19998903670 19998907094 19998907772 19998913934
 19998914598 19998925989 19998928695 19998931772 19998933666 19998943391
 19998946473 19998950444 19998953328 19998964530 19998966073 19998990228
 19998999691 19999012901 19999022778 19999023602 19999036070 19999043838
 19999050124 19999053001 19999066875 19999077689 19999078817 19999087016
 19999088232 19999089329 19999090024 19999095760 19999104907 19999111673
 19999113927 19999116551 19999119333 19999122806 19999125134 19999126520
 19999126837 19999137388 19999158343 19999175490 19999183402 19999190760
 19999196734 19999197293 19999201170 19999203872 19999205020 19999234578
 19999237305 19999256634 19999257369 19999265155 19999268047 19999269899
 19999279400 19999280150 19999287778 19999304561 19999309397 19999313918
 19999323877 19999327779 19999330667 19999334059 19999334871 19999361662
 19999400047 19999409709 19999428584 19999430812 19999439795 19999454693
 19999457895 19999476625 19999477240 19999482032 19999483028 19999513912
 19999519148 19999546240 19999550177 19999565888 19999575055 19999575220
 19999593365 19999597058 19999599393 19999600871 19999602558 19999612952
 19999613589 19999627416 19999627835 19999630222 19999630285 19999650985
 19999659496 19999660475 19999662204 19999669562 19999677150 19999681958
 19999684411 19999695496 19999700748 19999704043 19999713439 19999713903
 19999714434 19999721444 19999729200 19999731728 19999781592 19999798511
 19999800943 19999807393 19999828730 19999835127 19999836339 19999837326
 19999837369 19999840978 19999865295 19999872583 19999872739 19999873211
 19999875039 19999889221 19999893175 19999897770 19999902011 19999906434
 19999911159 19999913897 19999913974 19999937834 19999938918 19999945436
 19999948448 19999951620 19999952613 19999963059 19999979582 19999981182
 19999985142 19999995272 19999998638]
[ 3  2  5  5  2  3  4  3  2  0  5  3  2  3  2  3  4  2  3  2  5  4  3  3  2
  4  4  4  2  3  4  5  3  5  2  5  2  3  4  0  2  5  3  2  5  4  5  4  2  2
  5  3  4  2  4  2  2  4  4  3  3  4  2  2  2  0  3  2  2  2  4  5  3  4  5
  2  2  5  2  4  2  3  2  2  3  5  5  2  5  0  3  4  2  2  5  5  2  2  2  2
  5  2  3  5  3  5  5  5  3  3  2  3  3  3  2  5  4  2  5  3  5  0  2  3  2
  3  3  2  3  4  2  3  2  5  2  3  2  5  2  5  2  4  2  4  3  2  2  2  2  2
  4  4  3  4  0  4  2  5  2  4  2  4  4  5  3  5  3  4  2  4  3  2  2  2  2
  4  4  5  3  3  2  2  3  5  2  2  2  4  4  0  4  3  3  2  2  5  3  3  4  2
  4  2  3  2  5  4  4  4  4  2  3  2  2  5  2  5  0  2  2  3  3  4  2  2  2
  3  3  3  3  4  5  3  3  3  3  2  2  2  3  5  2  5  4  0  2  2  5  3  3  2
  4  4  2  2  4  4  2  5  2  3  2  3  4  5  4  2  5  4  2  2  2  2  2  2  4
  4  2  0  2  2  4  3  3  5  5  3  3  2  5  4  2  2  2  2  3  3  2  2  5  2
  3  5  2  4  2  3  0  2  4  4  2  5  3  2  5  5  4  2  3  3  2  3  4  2  5
  5  5  2  2  2  5  2  2  2  5  0  3  2  2  5  3  2  5  2  3  3  5  5  4  5
  5  5  2  2  5  5  4  0  5  2  4  2  5  2  3  3  2  3  4  3  5  5  2  3  2
  2  2  0  4  2  2  5  4  3  5  2  3  5  4  4  5  4  2  5  3  2  5  3  5  2
  2  2  3  3  2  3  4  3  3  2  2  2  2  2  0  2  5  2  3  3  5  3  2  2  4
  2  5  3  2  3  2  3  5  3  5  2  5  4  3  5  5  5  2  0  3  3  5  2  2  2
  2  5  2  3  3  2  2  5  5  5  3  2  3  2  2  5  3  3  4  3  4  4  2  3  0
  2  4  5  3  3  5  4  3  2  3  5  5  2  4  4  2  2  5  0  4  2  3  2  5  4
  2  2  5  2  2  3  2  5  4  2  5  2  0  2  2  4  2  3  2  5  5  5  5  2  4
  3  2  4  2  2  3  3  2  3  4  3  4  2  0  2  3  2  4  2  3  2  2  2  5  2
  4  5  2  4  2  3  5  5  4  2  4  3  4  2  2  2  0  5  2  5  2  3  3  4  3
  2  4  2  2  4  3  3  5  5  2  3  3  2  3  0  3  5  2  2  3  2  2  3  3  5
  4  2  5  5  3  2  2  4  4  4  2  2  0  5  3  3  2  3  2  2  3  3  2  5  4
  2  4  3  2  2  3  3  4  2  0  5  2  3  3  4  2  2  2  3  5  3  2  3  2  5
  2  4  2  4  4  5  2  2  2  3  4  2  4  2  2  3  4  0  2  4  2  4  3  5  5
  2  3  3  3  4  3  2  0  4  3  2  5  2  2  5  2  5  3  4  4  2  5  3  2  5
  3  3  2  5  2  2  2  5  2  2  2  0  4  4  3  2  2  2  2  2  4  5  2  3  3
  5  5  2  4  5  4  5  5  5  2  5  0  4  3  3  2  4  5  5  3  5  3  2  2  5
  3  2  3  5  2  4  5  2  3  2  2  5  0  2  4  4  4  3  3  3  2  2  2  2  5
  2  3  0  4  2  5  2  4  4  2  3  3  5  3  2  4  3  2  4  2  2  5  2  3  2
  3  3  4  5  2  3  4  2  4  0  2  4  3  2  3  2  5  2  3  3  4  5  2  2  2
  2  4  3  3  2  3  4  2  4  0  3  4  3  2  5  2  2  4  2  5  5  2  3  2  2
  2  2  3  2  5  3  3  3  3  4  0  3  2  3  3  2  3  3  2  4  4  2  3  5  4
  2  3  5  2  2  2  3  4  5  3  4  2  5  0  3  5  2  3  4  3  2  2  2  2  3
  2  4  3  3  5  2  3  0  4  2  2  2  5  3  2  4  2  2  5  2  2  4  4  4  4
  2  2  2  5  2  2  4  4  4  2  4  3  3  5  5  4  3  2  0  2  4  2  3  2  2
  2  2  3  2  2  3  2  3  5  5  3  5  0  2  2  2  2  4  2  4  2  4  2  3  2
  3  3  3  2  3  2  2  3  5  2  5  5  5  4  2  0  2  4  2  5  3  3  3  2  2
 ...,  9 11  8  6  9 10  9  9  9  8  8  8  8  9  8  9  8  8  9  8  8  9  8
  8  9 10  9 11 11 10 10  6 10  9  8  9 11  8  9  8 10  8  9 10  8 11 10 10
 10 10 11 11 11  8 11  8  8  6  8  9 10 10  8  8  8  8  8  9 11 11  9  8 11
  8 11  9  8 11  9  9  9 11  6  8  9  9  8  8  8  8  8  8  8  8 10  8 11  8
 11  8 10  8  9  9 11  8 11  8  9  9  9  6  9  9  9  9  9  9  9  9  9  9  9
 10  9  8 11  9  9  6 11  9 11 11  8  9  9  8  8  9  8  8  9  9  9  9  8 11
  9 11  8  9  9  8  9  8 10  9  8  9 11 11  6 11 11  9  8  9  9  8 11  9  9
  8  9  9  8 11 10  8 11  8  8  8  9  8 11  8  8 10 11  8  8  8  6 11 11  9
  9 10  9 10 10  8 10 11  9 11 11  9  9  8  9 10  8  9  6 11 10 10  8 10 11
 10  9  9  9  9  8 10  9 11  9  8  9 11  8  8  8  8  9 10 10  8  9  9  9 10
  9  9  6  9  9  9  9  9  8  8  8  9 10  9  8  8  9  9 11  9 11  9  6  9  9
  9 11  8  8  9  9 11  9  8 11 11 10 11  8 11  9 11  9 10 10 11 10  9  8  8
  6  8 11  9  8  9  9  8  8 10  8 11  8 11  9  8 11  9 11  8  8 11  9  8 10
 11  8  9  8 10  9  6 11  8  9 11  9  9 10  9  9 10 10  8 11 11  8 11  8 10
 11 10  8  9  8  9  9 11 10  9  9 10  9  6 10  8  8  8  9  9  8  9 10  8  9
  9  8  8 11 11  9  9  8  8 11  9 11  8  9  8  9  8  9  8  6  9  9 10  9 10
  8  9 10  9  8  9  9  8  8  9  9 11 11 10  9  9 10  8  8 10  6  8  8  9  9
  8  8  9  9  9 11 10  9  9  8 10  9  8  9  9 10 10  8 10  9  9 10  9  8  9
  6 11  9  9 11  9  9  8 11  8  8 11  8 11  8 11 10  8  9 11 10 11  9 10  8
  9  9  8 10 10 10  8  8  6  8  8  8  8 11 11  8  8  8  8  9  9  9  9  9  9
 11  9  9  8 11  9 10  9  9  8  6 10 10  8  8  9  8  8  9 11 11  8  9 11 10
  9  9  9 10  9  8  9  6  8  8  8 11 11  8  9 11  8  8  8  9 10 10  9  8  8
 11 11  9 11  6  8  8  9 11  9 11  9  8  8  9  8  9  9  8  8 11  8 11 11  8
  9  8 11  9  8  6  8  9 11  9  9 11  9  8  9  8  9  8  8  8  8 11  9  9  8
 11 11 10  9  8 10 11  9 10  8  6 10  8 11 10  8  8 10 11  9  9  8 10 10  8
 11  9  9  9  9 10  9 10 10 11  9 11  8 11  8 11  8  6  8 11  8  9 11  8 11
  9  8 10 11  8  9 10 10  8  8  9  8 10  8 11 10 11  9 10 10  9  8 11  9  8
  9  8  8  8 11 11  6 11  8 11  8  8  8  8  9  8 10 10  9  9  8  8  9 11  9
 11 10 10  9 11 11  8 10 10 11  8  8  6  8 11 11 10 11  9  9 10  8 10  8  8
  8  8 10  8  8  8 10 10  9  9 11 11  8  8 11  6 11 11  9 11 11  9  9  9 11
 11 10 10 11  9  9  9  9  9  9  8  9  8  8  9 11  8  8  9  9 11 10  8 11  9
  8  6 10 10 11  9 11  8  8  8  9  8 11 10 10  9 11  9  9  9  8 11 11  9  9
  6  8 11 11  9  8  9 11 11  8  8  9 11 11 11  9 11  8 11  9 11  9 10 10 10
 10 11 10 10  9  8  9  9  9  6  9 11  9  9 11  8  8  8  8  8  8  8  8  8 10
  8  8 11  8  6  8  8  8  8  9  8  9  9  9 11  9  8  9  8  8  9 10  9 11  9
  8  9  8  8 11 10  9  8  9  8  6  8  8  9  8  9  8  9  9  8  9 10  8  8  8
  9  8  8  9  8 10  8  9  8  8  8 11  8  9  6  8 10  8 10 11  9  8 11  9  9
 11 10  9 11  9  9 10  6 11  8  8  8 11  8  8 10  8  9  9 10 10 10  9  9  8
  8  9 10 10  9 11 11 11  8 11  8 11  6 10 11  9 11  8 11  9  8  8  9  9 11
  8  8  9  9  8 10  8  8  9  8 11  8 10  6  9  8  8  9 10  8  8  9 10  8 11
  8 10]
